0	0
4	29.0
9	25.0
20	267.0
32	270.0
41	55.0
49	49.0
61	269.0
68	38.0
75	37.0
79	26.0
86	40.0
95	54.0
104	53.0
116	269.0
123	39.0
135	271.0
144	52.0
156	270.0
168	267.0
174	34.0
183	55.0
190	38.0
199	54.0
211	271.0
220	54.0
229	51.0
239	59.0
251	270.0
260	49.0
269	51.0
276	38.0
283	38.0
292	50.0
301	53.0
310	54.0
322	268.0
332	58.0
341	49.0
353	271.0
358	25.0
365	39.0
374	53.0
383	53.0
390	37.0
402	266.0
411	54.0
423	267.0
430	37.0
442	268.0
453	67.0
461	49.0
470	53.0
481	67.0
486	26.0
498	271.0
505	39.0
517	269.0
526	53.0
537	267.0
546	52.0
556	60.0
566	61.0
571	26.0
578	38.0
588	57.0
595	36.0
604	50.0
616	268.0
625	55.0
634	51.0
646	268.0
658	269.0
667	50.0
679	267.0
686	38.0
698	270.0
709	67.0
721	268.0
730	55.0
739	49.0
749	58.0
756	38.0
765	49.0
774	53.0
779	27.0
788	54.0
797	53.0
804	38.0
811	37.0
815	24.0
824	53.0
832	50.0
843	66.0
852	54.0
864	270.0
873	55.0
878	25.0
890	268.0
899	54.0
907	47.0
914	39.0
926	268.0
933	38.0
945	267.0
953	48.0
965	270.0
974	51.0
979	28.0
987	49.0
992	25.0
1004	269.0
1016	269.0
1028	267.0
1036	48.0
1045	54.0
1057	265.0
1069	269.0
1078	53.0
1085	40.0
1089	24.0
1101	265.0
1110	55.0
1122	268.0
1129	39.0
1139	56.0
1146	38.0
1158	268.0
1165	39.0
1170	25.0
1177	39.0
1184	38.0
1191	39.0
1199	50.0
1208	53.0
1218	57.0
1230	271.0
1239	56.0
1248	49.0
1256	48.0
1263	39.0
1272	52.0
1281	54.0
1290	51.0
1299	54.0
1308	52.0
1318	58.0
1324	34.0
1333	51.0
1345	269.0
1357	268.0
1366	50.0
1371	26.0
1383	269.0
1392	51.0
1401	54.0
1413	266.0
1420	37.0
1430	59.0
1435	25.0
1446	66.0
1455	50.0
1465	59.0
1477	270.0
1484	39.0
1493	50.0
1501	49.0
1505	24.0
1512	37.0
1523	68.0
1532	51.0
1540	48.0
1546	36.0
1555	53.0
1566	68.0
1575	50.0
1582	40.0
1591	50.0
1603	267.0
1612	50.0
1624	270.0
1634	55.0
1641	38.0
1652	265.0
1660	48.0
1664	24.0
1676	268.0
1686	58.0
1694	45.0
1702	52.0
1709	37.0
1717	46.0
1722	28.0
1731	54.0
1740	54.0
1752	267.0
1761	53.0
1769	47.0
1778	54.0
1788	61.0
1799	65.0
1811	267.0
1820	51.0
1827	39.0
1839	269.0
1848	52.0
1855	38.0
1866	264.0
1867	76.0
1874	39.0
1885	67.0
1892	37.0
1898	34.0
1905	38.0
1912	41.0
1924	270.0
1931	39.0
1938	38.0
1950	269.0
1957	38.0
1963	38.0
1970	37.0
1975	26.0
1980	26.0
1989	49.0
2001	268.0
2008	39.0
2013	28.0
2022	51.0
2032	58.0
2041	51.0
2051	58.0
2060	48.0
2069	53.0
2078	55.0
2085	39.0
2097	270.0
2104	39.0
2113	51.0
2119	30.0
2123	23.0
2130	38.0
2142	269.0
2151	55.0
2160	53.0
2169	53.0
2178	52.0
2184	35.0
2189	25.0
2194	25.0
2200	36.0
2207	38.0
2219	270.0
2228	52.0
2235	38.0
2247	269.0
2256	52.0
2265	52.0
2276	67.0
2286	56.0
2293	38.0
2305	267.0
2312	38.0
2320	48.0
2329	49.0
2334	25.0
2339	28.0
2348	51.0
2357	53.0
2366	54.0
2373	37.0
2382	51.0
2391	53.0
2400	53.0
2407	38.0
2419	272.0
2428	54.0
2440	269.0
2449	54.0
2461	267.0
2469	49.0
2478	55.0
2485	38.0
2492	38.0
2504	268.0
2512	50.0
2521	53.0
2526	26.0
2538	268.0
2543	26.0
2551	46.0
2560	51.0
2569	51.0
2578	53.0
2589	269.0
2597	39.0
2606	48.0
2614	41.0
2619	26.0
2626	38.0
2637	67.0
2645	48.0
2650	25.0
2661	66.0
2670	55.0
2674	25.0
2683	50.0
2692	51.0
2704	271.0
2711	40.0
2722	263.0
2727	26.0
2739	269.0
2751	268.0
2756	28.0
2767	67.0
2776	51.0
2787	68.0
2792	26.0
2804	267.0
2812	48.0
2821	49.0
2833	270.0
2843	57.0
2849	36.0
2856	38.0
2863	38.0
2872	54.0
2879	39.0
2888	51.0
2897	53.0
2904	38.0
2913	54.0
2922	53.0
2934	270.0
2941	40.0
2953	270.0
2962	55.0
2971	52.0
2983	271.0
2992	46.0
2999	40.0
3004	25.0
3013	53.0
3022	49.0
3031	52.0
3040	52.0
3049	54.0
3058	54.0
3070	269.0
3081	263.0
3088	40.0
3097	51.0
3106	50.0
3115	53.0
3122	38.0
3131	54.0
3140	54.0
3147	40.0
3156	55.0
3160	23.0
3171	69.0
3180	51.0
3185	26.0
3190	26.0
3201	69.0
3208	38.0
3215	39.0
3227	267.0
3236	56.0
3248	267.0
3257	56.0
3266	49.0
3271	26.0
3283	268.0
3295	268.0
3304	51.0
3313	47.0
3320	40.0
3329	50.0
3335	37.0
3342	39.0
3351	49.0
3356	26.0
3368	273.0
3377	53.0
3386	52.0
3395	56.0
3407	270.0
3419	267.0
3428	50.0
3439	66.0
3450	66.0
3455	24.0
3467	270.0
3476	54.0
3485	53.0
3494	51.0
3503	54.0
3510	40.0
3522	268.0
3527	26.0
3539	267.0
3551	266.0
3563	269.0
3570	38.0
3577	38.0
3582	25.0
3593	268.0
3605	268.0
3613	48.0
3622	54.0
3627	25.0
3639	267.0
3651	268.0
3656	27.0
3663	39.0
3670	39.0
3682	269.0
3691	50.0
3700	50.0
3709	53.0
3718	49.0
3726	50.0
3738	268.0
3747	50.0
3754	38.0
3763	51.0
3775	270.0
3782	38.0
3789	38.0
3794	25.0
3803	52.0
3815	269.0
3824	53.0
3836	269.0
3848	268.0
3853	25.0
3862	55.0
3871	52.0
3876	25.0
3883	39.0
3892	53.0
3901	49.0
3912	65.0
3923	67.0
3930	38.0
3937	39.0
3948	66.0
3957	50.0
3962	26.0
3969	38.0
3981	267.0
3990	54.0
3999	50.0
4011	269.0
4018	39.0
4027	53.0
4038	266.0
4047	55.0
4054	38.0
4061	39.0
4070	50.0
4077	37.0
4089	268.0
4094	26.0
4101	37.0
4112	263.0
4119	38.0
4126	40.0
4134	48.0
4144	57.0
4155	66.0
4162	39.0
4171	53.0
4180	52.0
4189	50.0
4196	41.0
4208	267.0
4218	56.0
4227	51.0
4234	39.0
4242	48.0
4251	52.0
4256	28.0
4265	51.0
4269	23.0
4281	269.0
4293	269.0
4305	266.0
4314	50.0
4321	39.0
4330	56.0
4337	39.0
4348	67.0
4357	54.0
4366	53.0
4370	24.0
4374	25.0
4383	55.0
4392	52.0
4397	26.0
4405	49.0
4417	268.0
4422	25.0
4431	52.0
4439	48.0
4450	69.0
4459	52.0
4466	40.0
4474	47.0
4481	39.0
4492	65.0
4501	54.0
4513	270.0
4522	55.0
4534	269.0
4543	51.0
4552	55.0
4562	59.0
4571	51.0
4581	58.0
4589	48.0
4600	68.0
4609	54.0
4621	268.0
4629	48.0
4641	267.0
4650	52.0
4662	268.0
4671	49.0
4680	51.0
4692	267.0
4701	51.0
4708	40.0
4718	56.0
4727	50.0
4739	269.0
4751	270.0
4758	41.0
4766	48.0
4777	67.0
4782	25.0
4794	270.0
4803	54.0
4812	51.0
4819	39.0
4826	39.0
4837	266.0
4844	38.0
4852	47.0
4856	24.0
4868	270.0
4877	52.0
4887	58.0
4896	49.0
4903	38.0
4915	267.0
4924	52.0
4936	268.0
4943	38.0
4952	50.0
4964	270.0
4971	40.0
4983	271.0
4992	54.0
5001	50.0
5009	47.0
5016	38.0
5024	49.0
5036	268.0
5047	66.0
5056	50.0
5064	49.0
5073	54.0
5082	51.0
5091	51.0
5100	52.0
5107	38.0
5118	68.0
5122	25.0
5133	65.0
5142	55.0
5151	50.0
5160	54.0
5165	26.0
5174	51.0
5186	268.0
5198	267.0
5205	39.0
5213	47.0
5225	269.0
5236	67.0
5245	51.0
5257	269.0
5266	54.0
5275	54.0
5284	51.0
5296	269.0
5305	51.0
5313	49.0
5322	50.0
5334	268.0
5342	50.0
5351	52.0
5360	49.0
5369	54.0
5378	51.0
5387	51.0
5396	51.0
5405	51.0
5416	67.0
5427	264.0
5434	38.0
5439	25.0
5451	269.0
5462	66.0
5473	68.0
5482	50.0
5491	52.0
5499	50.0
5506	41.0
5517	67.0
5527	59.0
5539	268.0
5551	267.0
5560	54.0
5569	54.0
5574	27.0
5583	53.0
5593	59.0
5605	267.0
5610	26.0
5622	267.0
5634	267.0
5646	269.0
5658	268.0
5663	27.0
5675	268.0
5682	40.0
5691	53.0
5700	56.0
5707	39.0
5715	49.0
5722	39.0
5731	51.0
5743	267.0
5755	268.0
5764	54.0
5775	67.0
5786	67.0
5795	50.0
5802	38.0
5813	68.0
5823	55.0
5833	57.0
5838	26.0
5847	51.0
5855	48.0
5864	54.0
5870	37.0
5882	267.0
5894	267.0
5906	268.0
5918	268.0
5927	52.0
5936	51.0
5944	48.0
5953	52.0
5962	50.0
5973	66.0
5985	268.0
5995	56.0
6007	269.0
6016	55.0
6023	39.0
6035	269.0
6044	51.0
6049	25.0
6057	49.0
6068	265.0
6077	54.0
6089	267.0
6101	270.0
6113	270.0
6122	54.0
6131	54.0
6143	269.0
6150	37.0
6162	270.0
