0	0
8	58.0
14	42.0
20	41.0
26	40.0
34	56.0
40	42.0
46	40.0
57	172.0
67	71.0
78	171.0
82	27.0
93	172.0
99	42.0
105	40.0
109	27.0
117	52.0
128	172.0
132	26.0
143	174.0
151	50.0
159	56.0
170	170.0
180	72.0
191	172.0
195	28.0
201	40.0
212	171.0
216	26.0
224	54.0
234	71.0
242	51.0
250	53.0
261	174.0
272	173.0
278	40.0
286	53.0
292	40.0
296	27.0
307	171.0
315	56.0
319	25.0
327	50.0
338	171.0
344	39.0
353	63.0
361	57.0
372	171.0
383	173.0
391	51.0
399	55.0
410	171.0
416	42.0
420	27.0
426	41.0
435	57.0
441	40.0
447	41.0
455	55.0
459	25.0
467	54.0
475	53.0
483	52.0
491	56.0
502	171.0
510	55.0
521	173.0
525	27.0
531	41.0
541	72.0
547	39.0
558	172.0
562	25.0
570	54.0
581	171.0
589	52.0
595	42.0
604	58.0
615	171.0
621	41.0
628	46.0
637	56.0
645	51.0
653	52.0
661	52.0
671	70.0
682	173.0
693	174.0
699	41.0
710	172.0
718	51.0
726	56.0
734	52.0
745	172.0
749	28.0
758	63.0
769	173.0
779	71.0
789	71.0
795	41.0
805	169.0
813	52.0
822	58.0
833	173.0
841	56.0
847	37.0
855	51.0
863	52.0
874	173.0
885	172.0
891	41.0
897	40.0
903	39.0
907	28.0
915	55.0
926	172.0
935	58.0
943	53.0
947	26.0
955	51.0
963	54.0
972	63.0
980	56.0
986	41.0
994	52.0
1005	171.0
1013	56.0
1019	41.0
1030	173.0
1041	174.0
1047	39.0
1058	173.0
1066	52.0
1072	42.0
1082	72.0
1093	173.0
1102	58.0
1113	173.0
1121	52.0
1129	53.0
1139	71.0
1147	52.0
1158	173.0
1164	41.0
1173	60.0
1177	26.0
1185	56.0
1195	168.0
1204	58.0
1212	57.0
1220	56.0
1224	27.0
1230	40.0
1236	41.0
1244	52.0
1248	26.0
1252	28.0
1263	172.0
1267	28.0
1273	42.0
1284	172.0
1295	171.0
1299	28.0
1308	57.0
1312	27.0
1320	56.0
1328	57.0
1336	52.0
1347	172.0
1356	57.0
1366	70.0
1372	36.0
1383	174.0
1394	172.0
1403	62.0
1414	174.0
1425	175.0
1431	43.0
1437	38.0
1443	40.0
1454	171.0
1463	58.0
1474	172.0
1485	174.0
1496	173.0
1504	57.0
1508	27.0
1519	174.0
1530	171.0
1539	57.0
1545	38.0
1549	26.0
1557	50.0
1568	172.0
1579	174.0
1587	57.0
1598	171.0
1602	27.0
1608	40.0
1612	27.0
1620	52.0
1628	56.0
1636	55.0
1647	171.0
1651	28.0
1657	40.0
1665	56.0
1671	41.0
1677	38.0
1685	56.0
1691	41.0
1697	38.0
1701	27.0
1710	57.0
1716	40.0
1722	41.0
1730	56.0
1734	28.0
1745	172.0
1751	42.0
1762	170.0
1766	28.0
1774	55.0
1785	171.0
1794	58.0
1803	64.0
1807	27.0
1816	57.0
1827	174.0
1835	50.0
1843	53.0
1847	26.0
1858	172.0
1866	57.0
1877	172.0
1881	27.0
1889	53.0
1898	57.0
1909	170.0
1917	55.0
1923	38.0
1932	57.0
1938	40.0
1949	174.0
1957	51.0
1966	57.0
1974	54.0
1985	172.0
1989	27.0
1995	42.0
2003	53.0
2013	71.0
2021	53.0
2029	51.0
2037	50.0
2043	42.0
2047	27.0
2058	176.0
2069	175.0
2075	40.0
2084	58.0
2093	57.0
2104	173.0
2113	58.0
2124	174.0
2132	57.0
2136	25.0
2144	49.0
2152	50.0
2156	25.0
2164	55.0
2172	53.0
2181	57.0
2189	55.0
2193	28.0
2201	55.0
2209	51.0
2220	172.0
2231	173.0
2237	39.0
2245	53.0
2253	53.0
2262	58.0
2270	51.0
2281	172.0
2285	28.0
2296	171.0
2304	52.0
2312	56.0
2318	39.0
2328	170.0
2336	53.0
2344	57.0
2348	27.0
2357	57.0
2365	50.0
2372	52.0
2376	27.0
2382	39.0
2393	172.0
2401	55.0
2409	51.0
2420	173.0
2431	171.0
2440	58.0
2448	56.0
2459	171.0
2467	54.0
2473	41.0
2484	174.0
2490	39.0
2501	173.0
2512	171.0
2516	28.0
2525	63.0
2533	50.0
2541	56.0
2545	28.0
2556	170.0
2560	27.0
2568	55.0
2572	26.0
2578	41.0
2589	173.0
2595	42.0
2601	40.0
2610	60.0
2620	170.0
2631	174.0
2637	42.0
2645	51.0
2651	40.0
2661	173.0
2670	60.0
2674	27.0
2678	27.0
2684	40.0
2690	41.0
2701	171.0
2707	39.0
2714	49.0
2722	52.0
2730	57.0
2734	29.0
2742	56.0
2753	173.0
2761	55.0
2767	39.0
2775	52.0
2786	170.0
2794	52.0
2802	51.0
2810	56.0
2818	51.0
2827	62.0
2838	172.0
2846	52.0
2854	56.0
2858	27.0
2864	40.0
2875	170.0
2883	59.0
2887	26.0
2895	52.0
2899	27.0
2910	172.0
2918	54.0
2929	171.0
2937	52.0
2943	38.0
2953	167.0
2959	41.0
2970	173.0
2978	52.0
2984	41.0
2992	52.0
2996	28.0
3004	55.0
3012	56.0
3020	53.0
3026	41.0
3030	27.0
3041	173.0
3052	174.0
3063	172.0
3069	40.0
3077	58.0
3086	61.0
3094	56.0
3103	60.0
3107	23.0
3115	57.0
3126	175.0
3135	57.0
3139	28.0
3145	41.0
3156	173.0
3160	28.0
3164	27.0
3175	172.0
3181	41.0
3189	52.0
3195	41.0
3203	57.0
3214	172.0
3225	172.0
3233	51.0
3242	61.0
3250	50.0
3261	172.0
3272	173.0
3280	52.0
3289	58.0
3296	50.0
3300	26.0
3308	54.0
3319	173.0
3330	175.0
3339	61.0
3347	51.0
3357	72.0
3361	27.0
3367	41.0
3375	55.0
3386	174.0
3394	57.0
3402	55.0
3413	174.0
3424	172.0
3430	40.0
3436	39.0
3442	38.0
3453	171.0
3461	49.0
3468	54.0
3479	172.0
3488	60.0
3496	57.0
3504	56.0
3513	59.0
3522	59.0
3530	55.0
3536	42.0
3542	41.0
3546	26.0
3554	51.0
3555	55.0
3565	71.0
3571	42.0
3581	69.0
3591	70.0
3602	172.0
3610	52.0
3621	172.0
3629	56.0
3637	54.0
3648	174.0
3659	171.0
3667	51.0
3676	58.0
3682	40.0
3692	70.0
3703	173.0
3711	49.0
3719	53.0
3727	52.0
3737	72.0
3748	173.0
3756	50.0
3764	52.0
3772	52.0
3780	56.0
3789	59.0
3800	173.0
3810	70.0
3821	174.0
3829	57.0
3835	40.0
3843	57.0
3850	52.0
3856	40.0
3864	54.0
3874	75.0
3882	53.0
3890	50.0
3898	54.0
3906	57.0
3916	70.0
3922	41.0
3931	62.0
3941	70.0
3949	52.0
3955	41.0
3961	42.0
3972	172.0
3980	57.0
3988	52.0
3999	171.0
4007	56.0
4018	171.0
4028	70.0
4039	173.0
4047	52.0
4057	71.0
4065	54.0
4073	57.0
4077	27.0
4087	71.0
4098	173.0
4106	58.0
4114	54.0
4118	26.0
4126	52.0
4135	57.0
4143	52.0
4154	173.0
4156	78.0
4167	171.0
4175	50.0
4183	51.0
4194	171.0
4203	58.0
4210	42.0
4218	50.0
4226	52.0
4233	47.0
4244	171.0
4252	57.0
4258	42.0
4269	172.0
4277	51.0
4288	174.0
4299	174.0
4310	173.0
4321	173.0
4325	27.0
4336	171.0
4344	55.0
4352	54.0
4358	40.0
4369	172.0
4377	52.0
4385	57.0
4389	27.0
4398	62.0
4409	173.0
4420	172.0
4426	42.0
4432	40.0
4440	51.0
4448	50.0
4459	171.0
4470	172.0
4481	173.0
4485	28.0
4496	173.0
4504	52.0
4512	51.0
4522	72.0
4533	172.0
4541	53.0
4552	171.0
4560	51.0
4568	52.0
4576	51.0
4587	173.0
4598	171.0
4602	27.0
4610	52.0
4619	64.0
4630	170.0
4639	63.0
4648	59.0
4659	171.0
4667	52.0
4675	57.0
4681	43.0
4692	172.0
4700	52.0
4711	174.0
4722	172.0
4726	28.0
4736	70.0
4747	174.0
4756	58.0
4762	41.0
4769	51.0
4775	41.0
4781	40.0
4789	55.0
4800	173.0
4811	174.0
4822	173.0
4830	54.0
4838	52.0
4848	72.0
4857	59.0
4863	41.0
4871	52.0
4880	57.0
4890	71.0
4901	173.0
4912	174.0
4921	61.0
4932	174.0
4936	27.0
4940	26.0
4948	55.0
4959	172.0
4970	172.0
4980	170.0
4986	42.0
4994	54.0
5002	52.0
5013	173.0
5024	173.0
5032	57.0
5040	50.0
5049	58.0
5055	42.0
5063	55.0
5074	173.0
5085	172.0
5089	28.0
5100	173.0
5109	58.0
5120	171.0
5129	62.0
5139	71.0
5150	171.0
5156	40.0
5164	52.0
5168	27.0
5176	53.0
5187	174.0
5198	170.0
5209	173.0
5215	40.0
5223	57.0
5231	50.0
5241	70.0
5249	55.0
5255	42.0
5263	54.0
5273	72.0
5279	40.0
5285	38.0
5296	172.0
5305	57.0
5313	52.0
5321	55.0
5332	173.0
5341	57.0
5352	173.0
5363	172.0
5374	172.0
5385	172.0
5396	173.0
5402	43.0
5406	28.0
5416	69.0
5424	52.0
5430	41.0
5436	39.0
5447	174.0
5455	51.0
5466	171.0
5477	171.0
5488	173.0
5499	173.0
5507	51.0
5518	173.0
5529	172.0
5537	56.0
5541	27.0
5550	58.0
5558	57.0
5566	54.0
5574	52.0
5584	69.0
5592	50.0
5602	69.0
5612	70.0
5623	171.0
5631	51.0
5635	28.0
5646	173.0
5650	26.0
5658	55.0
5667	57.0
5678	171.0
5682	27.0
5693	172.0
5701	58.0
5712	171.0
5723	172.0
5734	173.0
5740	40.0
5750	70.0
5761	172.0
5769	51.0
5780	173.0
5788	55.0
5794	39.0
5798	27.0
5806	55.0
5810	27.0
5818	57.0
5829	172.0
5840	173.0
5848	54.0
5856	52.0
5864	55.0
5872	50.0
5878	41.0
5886	52.0
5896	71.0
5907	173.0
5915	53.0
5924	57.0
5932	52.0
5943	173.0
5951	54.0
5959	55.0
5970	175.0
5980	71.0
5991	172.0
5999	54.0
6009	70.0
6017	53.0
6026	60.0
6037	172.0
6046	62.0
6056	70.0
6062	42.0
6073	174.0
6081	50.0
6089	56.0
6097	49.0
6105	55.0
6112	49.0
6120	56.0
6129	57.0
6139	170.0
6149	72.0
6159	69.0
6170	174.0
6178	53.0
6188	72.0
6196	51.0
6204	50.0
6215	171.0
6225	70.0
6229	27.0
6239	72.0
6247	57.0
6255	53.0
6264	61.0
6274	70.0
6283	57.0
6291	50.0
6302	174.0
6306	27.0
6314	53.0
6322	49.0
6330	53.0
6340	70.0
6348	51.0
6359	171.0
6367	53.0
6377	165.0
6386	58.0
6396	70.0
6407	173.0
6415	49.0
6423	52.0
6434	172.0
6442	58.0
6446	29.0
6456	72.0
6463	48.0
6471	54.0
6477	40.0
6485	51.0
6494	62.0
6505	173.0
6513	55.0
6522	61.0
6533	176.0
6539	41.0
6550	172.0
6558	60.0
6569	174.0
6577	52.0
6588	172.0
6596	51.0
6604	56.0
6615	172.0
6626	173.0
6634	56.0
6642	52.0
6651	58.0
6659	53.0
6665	42.0
6673	51.0
6684	173.0
6692	52.0
6700	54.0
6711	172.0
6719	56.0
6729	170.0
6737	55.0
6745	51.0
6753	51.0
6762	57.0
6770	51.0
6774	28.0
6784	168.0
6795	174.0
6803	55.0
6811	55.0
6822	171.0
6830	57.0
6841	172.0
6849	57.0
6857	51.0
6863	41.0
6869	41.0
6880	173.0
6891	173.0
6899	56.0
6907	57.0
6915	50.0
6926	173.0
6936	173.0
6944	52.0
6950	41.0
6961	174.0
6967	40.0
6975	52.0
6983	51.0
6994	172.0
7003	60.0
7014	171.0
7018	26.0
7028	72.0
7036	54.0
7044	56.0
7055	172.0
7066	173.0
7077	173.0
7085	51.0
7094	59.0
7103	61.0
7109	40.0
7117	51.0
7125	59.0
7129	29.0
7135	41.0
7142	57.0
7150	51.0
7159	59.0
7167	54.0
7171	27.0
7177	40.0
7187	71.0
7197	72.0
7208	172.0
7216	50.0
7220	26.0
7230	165.0
7241	175.0
7252	173.0
7261	63.0
7269	52.0
7273	27.0
7284	173.0
7288	27.0
7299	171.0
7310	173.0
7321	173.0
7332	173.0
7343	174.0
7354	172.0
7365	172.0
7369	27.0
7377	54.0
7381	27.0
7392	172.0
7401	61.0
7408	51.0
7418	74.0
7426	52.0
7437	172.0
7448	171.0
7454	41.0
7462	56.0
7470	54.0
7476	38.0
7480	27.0
7490	73.0
7499	60.0
7510	176.0
7521	174.0
7532	172.0
7540	55.0
7548	57.0
7559	172.0
7567	57.0
7575	55.0
7583	51.0
7589	41.0
7595	40.0
7603	54.0
7614	171.0
7622	55.0
7633	175.0
7637	28.0
7647	68.0
7656	62.0
7664	51.0
7672	56.0
7676	27.0
7684	54.0
7695	170.0
7706	172.0
7714	53.0
7722	58.0
7733	172.0
7743	75.0
7747	27.0
7757	69.0
7768	174.0
7778	69.0
7786	55.0
7797	172.0
7801	27.0
7811	71.0
7817	41.0
7828	175.0
7836	50.0
7847	171.0
7855	57.0
7866	173.0
7874	54.0
7885	172.0
7891	42.0
7902	173.0
7912	70.0
7922	71.0
7933	173.0
7942	64.0
7953	175.0
7962	59.0
7973	173.0
7977	27.0
7983	43.0
7994	172.0
8005	173.0
8013	53.0
8023	169.0
8031	57.0
8042	172.0
8049	54.0
8060	172.0
8068	51.0
8079	172.0
8090	171.0
8101	175.0
8110	56.0
8114	25.0
8125	174.0
8136	173.0
8147	172.0
8158	173.0
8166	58.0
8177	172.0
8183	41.0
8194	173.0
8202	55.0
8212	168.0
8223	174.0
8234	174.0
8238	27.0
8249	172.0
8253	27.0
8262	57.0
8273	174.0
8284	171.0
8294	72.0
8302	51.0
8310	53.0
8318	56.0
8329	173.0
8340	173.0
8344	27.0
8355	172.0
8366	174.0
8376	71.0
8386	71.0
8397	172.0
8404	54.0
8415	173.0
8426	171.0
8434	52.0
8445	173.0
8455	72.0
8466	173.0
8477	172.0
8485	51.0
8491	39.0
8497	41.0
8508	172.0
8519	172.0
8530	171.0
8540	70.0
8550	72.0
8559	61.0
8567	56.0
8578	172.0
8586	49.0
8597	173.0
8608	173.0
8619	171.0
8627	52.0
8635	51.0
8639	26.0
8647	55.0
8656	61.0
8660	28.0
8669	61.0
8677	51.0
8688	173.0
8699	171.0
8710	172.0
8714	27.0
8725	172.0
8736	171.0
8740	28.0
8751	171.0
8762	171.0
8773	173.0
8781	54.0
8792	172.0
8803	173.0
8811	52.0
8822	172.0
8833	172.0
8844	172.0
8848	28.0
8852	26.0
8860	50.0
8871	172.0
8882	172.0
8890	56.0
8898	59.0
8906	52.0
8917	173.0
8925	51.0
8936	172.0
8946	169.0
8950	29.0
8961	171.0
8972	173.0
8983	172.0
8991	55.0
9002	172.0
9013	173.0
9024	173.0
9035	172.0
9046	171.0
9055	57.0
9066	171.0
9070	27.0
9078	54.0
9088	70.0
9099	170.0
9110	171.0
9121	171.0
9132	173.0
9140	50.0
9149	58.0
9159	71.0
9170	173.0
9178	58.0
9189	171.0
9200	171.0
9204	26.0
9212	55.0
9223	173.0
9234	173.0
9245	171.0
9253	54.0
9263	69.0
9274	172.0
9282	55.0
9293	171.0
9304	171.0
9312	51.0
9318	41.0
9327	62.0
9338	171.0
9347	57.0
9358	173.0
9369	173.0
9373	28.0
9383	169.0
9394	172.0
9405	173.0
9416	172.0
9424	51.0
9435	172.0
9439	27.0
9447	51.0
9457	70.0
9468	173.0
9476	54.0
9487	174.0
9495	53.0
9501	41.0
9509	51.0
9520	172.0
9528	57.0
9532	26.0
9543	175.0
9554	172.0
9565	173.0
9576	171.0
9587	172.0
9595	57.0
9606	173.0
9614	52.0
9622	53.0
9630	55.0
9640	70.0
9650	73.0
9659	63.0
9670	173.0
9681	173.0
9692	173.0
9700	54.0
9708	51.0
9716	52.0
9724	54.0
9732	56.0
9736	27.0
9745	60.0
9753	56.0
9764	174.0
9775	173.0
9786	172.0
9795	62.0
9803	52.0
9812	58.0
9820	53.0
9824	26.0
9832	54.0
9838	37.0
9849	172.0
9858	63.0
9862	27.0
9873	172.0
9884	173.0
9894	71.0
9904	73.0
9915	174.0
9926	174.0
9937	172.0
9948	172.0
9959	174.0
9970	172.0
9981	173.0
9992	173.0
9998	41.0
10009	174.0
10020	173.0
10024	25.0
10035	171.0
10039	28.0
10050	172.0
10061	172.0
10069	50.0
10077	53.0
10088	172.0
10099	171.0
10110	171.0
10118	56.0
10129	174.0
10135	41.0
10143	56.0
10153	70.0
10157	27.0
10167	71.0
10171	28.0
10180	60.0
10191	171.0
10197	40.0
10208	172.0
10219	173.0
10228	63.0
10236	50.0
10246	70.0
10254	57.0
10265	171.0
10276	175.0
10287	172.0
10298	172.0
10306	52.0
10317	172.0
10321	28.0
10329	54.0
10340	171.0
10344	28.0
10348	25.0
10356	56.0
10365	58.0
10373	53.0
10381	56.0
10392	170.0
10403	171.0
10410	49.0
10414	25.0
10418	27.0
10429	172.0
10437	54.0
10445	50.0
10453	52.0
10464	172.0
10475	172.0
10486	173.0
10496	71.0
10504	57.0
10513	64.0
10524	173.0
10532	52.0
10540	51.0
10551	173.0
10557	38.0
10568	174.0
10579	172.0
10590	174.0
10594	27.0
10602	52.0
10611	60.0
10619	53.0
10627	57.0
10638	173.0
10642	27.0
10651	63.0
10655	29.0
10663	50.0
10672	58.0
10683	171.0
10689	41.0
10700	173.0
10711	172.0
10722	171.0
10733	172.0
10741	51.0
10742	55.0
10752	169.0
10763	173.0
10774	173.0
10785	171.0
10793	58.0
10801	55.0
10807	38.0
10818	175.0
10829	173.0
10837	50.0
10847	171.0
10858	174.0
10869	171.0
10877	51.0
10887	71.0
10898	172.0
10909	172.0
10917	51.0
10925	57.0
10935	172.0
10946	172.0
10957	174.0
10968	173.0
10976	55.0
10984	51.0
10992	51.0
11003	174.0
11014	173.0
11023	63.0
11034	174.0
11042	52.0
11053	171.0
11064	174.0
11075	171.0
11086	173.0
11097	172.0
11108	172.0
11119	172.0
11130	173.0
11134	27.0
11142	50.0
11152	70.0
11163	173.0
11174	174.0
11185	171.0
11196	171.0
11207	172.0
11218	171.0
11229	174.0
11237	52.0
11241	24.0
11245	28.0
11256	173.0
11264	58.0
11275	171.0
11279	27.0
11290	170.0
11298	54.0
11308	169.0
11319	171.0
11323	26.0
11334	171.0
11342	52.0
11353	173.0
11364	172.0
11368	27.0
11379	174.0
11387	57.0
11398	172.0
11409	174.0
11420	171.0
11431	171.0
11442	173.0
11450	53.0
11461	173.0
11472	172.0
11483	171.0
11491	53.0
11499	52.0
11507	52.0
11517	168.0
11521	27.0
11532	172.0
11543	173.0
11551	55.0
11562	172.0
11571	61.0
11575	26.0
11586	170.0
11594	56.0
11598	25.0
11606	56.0
11617	173.0
11623	42.0
11634	173.0
11645	172.0
11656	171.0
11667	171.0
11675	50.0
11686	172.0
11697	171.0
11705	51.0
11716	170.0
11720	28.0
11724	26.0
11735	171.0
11743	50.0
11747	26.0
11758	172.0
11764	42.0
11772	56.0
11776	27.0
11786	169.0
11797	174.0
11808	174.0
11818	71.0
11822	27.0
11832	170.0
11843	172.0
11849	41.0
11853	24.0
11864	173.0
11875	174.0
11886	173.0
11897	172.0
11908	172.0
11912	26.0
11916	24.0
11927	172.0
11931	28.0
11941	69.0
11952	172.0
11962	72.0
11972	71.0
11983	173.0
11987	27.0
11998	172.0
12006	51.0
12012	40.0
12016	26.0
12026	70.0
12032	41.0
12043	172.0
12049	41.0
12059	70.0
12070	170.0
12080	70.0
12091	171.0
12101	171.0
12112	171.0
12123	172.0
12134	172.0
12140	41.0
12151	173.0
12160	57.0
12171	172.0
12182	171.0
12193	173.0
12204	172.0
12213	57.0
12221	51.0
12232	173.0
12240	51.0
12251	172.0
12255	27.0
12263	51.0
12274	173.0
12285	173.0
12293	53.0
12304	173.0
12315	171.0
12323	57.0
12334	172.0
12342	54.0
12353	172.0
12363	171.0
12369	42.0
12380	171.0
12388	53.0
12399	173.0
12406	49.0
12416	74.0
12420	27.0
12431	171.0
12442	171.0
12453	172.0
12464	173.0
12472	52.0
12478	40.0
12488	69.0
12497	58.0
12506	57.0
12516	71.0
12527	174.0
12535	56.0
12546	174.0
12557	172.0
12561	27.0
12572	173.0
12583	173.0
12594	172.0
12600	42.0
12610	72.0
12621	172.0
12632	173.0
12640	56.0
12651	171.0
12659	56.0
12670	170.0
12681	173.0
12692	172.0
12700	50.0
12710	67.0
12721	173.0
12732	172.0
12743	172.0
12754	174.0
12765	173.0
12776	172.0
12787	171.0
12795	54.0
12806	171.0
12817	171.0
12828	173.0
12834	39.0
12845	172.0
12856	172.0
12865	60.0
12875	70.0
12883	56.0
12891	50.0
12899	52.0
12907	54.0
12915	54.0
12925	71.0
12936	173.0
12947	173.0
12953	43.0
12957	26.0
12967	70.0
12978	171.0
12986	56.0
12994	53.0
13004	169.0
13012	55.0
13016	26.0
13024	51.0
13028	26.0
13039	173.0
13050	172.0
13061	173.0
13072	172.0
13083	173.0
13092	63.0
13098	41.0
13106	52.0
13110	27.0
13114	26.0
13124	72.0
13128	29.0
13135	49.0
13146	173.0
13157	171.0
13166	58.0
13177	172.0
13188	172.0
13199	172.0
13210	175.0
13221	173.0
13232	173.0
13242	70.0
13252	70.0
13260	52.0
13271	172.0
13282	173.0
13293	173.0
13304	173.0
13314	71.0
13325	171.0
13333	54.0
13343	70.0
13354	171.0
13365	172.0
13371	41.0
13382	173.0
13393	174.0
13401	52.0
13409	54.0
13420	172.0
13429	59.0
13439	70.0
13450	171.0
13460	170.0
13469	58.0
13480	172.0
13491	170.0
13499	50.0
13509	69.0
13520	174.0
13531	174.0
13542	174.0
13553	173.0
13559	42.0
13570	173.0
13578	52.0
13589	173.0
13597	53.0
13608	171.0
13619	173.0
13630	172.0
13638	50.0
13649	174.0
13660	172.0
13671	172.0
13679	52.0
13690	171.0
13701	171.0
13712	172.0
13720	50.0
13731	173.0
13742	173.0
13753	172.0
13759	42.0
13767	53.0
13775	52.0
13783	57.0
13791	55.0
13802	173.0
13813	171.0
13821	53.0
13830	57.0
13841	173.0
13850	61.0
13858	53.0
13869	172.0
13880	172.0
13888	57.0
13892	27.0
13903	174.0
13914	176.0
13924	170.0
13930	41.0
13939	59.0
13950	172.0
13961	172.0
13972	174.0
13983	173.0
13991	51.0
14002	171.0
14013	173.0
14023	170.0
14033	71.0
14043	69.0
14054	171.0
14060	40.0
14071	173.0
14079	55.0
14090	172.0
14101	173.0
14112	172.0
14120	50.0
14126	42.0
14137	173.0
14148	172.0
14158	70.0
14169	172.0
14177	57.0
14188	174.0
14199	170.0
14210	172.0
14220	170.0
14231	173.0
14239	55.0
14250	171.0
14261	172.0
14272	172.0
14280	51.0
14286	41.0
14294	51.0
14305	172.0
14316	173.0
14327	172.0
14331	26.0
14341	70.0
14351	71.0
14356	58.0
14364	55.0
14373	57.0
14384	174.0
14395	175.0
14401	39.0
14412	171.0
14423	171.0
14431	45.0
14442	174.0
14453	172.0
14464	174.0
14475	172.0
14486	173.0
14497	172.0
14505	50.0
14513	52.0
14521	52.0
14532	174.0
14542	71.0
14552	71.0
14563	171.0
14574	175.0
14584	71.0
14595	172.0
14599	25.0
14610	172.0
14620	169.0
14631	174.0
14642	173.0
14653	173.0
14664	171.0
14675	172.0
14683	52.0
14694	175.0
14705	174.0
14715	69.0
14726	173.0
14737	171.0
14748	172.0
14759	174.0
14770	172.0
14781	172.0
14792	173.0
14803	173.0
14807	27.0
14817	73.0
14828	171.0
14832	28.0
14843	173.0
14851	56.0
14862	171.0
14873	171.0
14884	173.0
14895	172.0
14905	71.0
14914	61.0
14925	172.0
14936	171.0
14947	173.0
14958	171.0
14967	58.0
14978	173.0
14989	172.0
15000	172.0
15011	172.0
15022	173.0
15033	173.0
15044	173.0
15055	172.0
15066	172.0
15077	172.0
15086	61.0
15097	172.0
15108	173.0
15116	54.0
15127	171.0
15135	51.0
15143	50.0
15154	174.0
15165	172.0
15176	171.0
15187	172.0
15197	71.0
15208	173.0
15216	50.0
15227	173.0
15238	174.0
15249	171.0
15257	53.0
15265	52.0
15275	71.0
15286	174.0
15297	173.0
15308	172.0
15318	168.0
15329	171.0
15337	55.0
15348	173.0
15359	173.0
15370	173.0
15374	26.0
15385	173.0
15396	173.0
15407	172.0
15417	169.0
15427	69.0
15438	171.0
15449	174.0
15460	174.0
15471	171.0
15482	173.0
15488	39.0
15499	171.0
15505	41.0
15515	172.0
15525	70.0
15536	173.0
15546	71.0
15557	172.0
15568	173.0
15579	170.0
15590	172.0
15594	28.0
15604	72.0
15615	173.0
15626	173.0
15637	171.0
15647	70.0
15655	52.0
15666	172.0
15677	173.0
15687	168.0
15698	172.0
15709	175.0
15717	54.0
15727	71.0
15735	52.0
15746	174.0
15757	171.0
15768	172.0
15777	58.0
15788	172.0
15799	173.0
15810	173.0
15821	173.0
15832	173.0
15842	70.0
15853	172.0
15864	172.0
15875	174.0
15885	71.0
15893	52.0
15904	172.0
15915	173.0
15919	24.0
15927	50.0
15935	50.0
15946	170.0
15956	73.0
15964	51.0
15972	56.0
15983	173.0
15991	53.0
16002	173.0
16011	60.0
16022	173.0
16033	173.0
16037	27.0
16048	174.0
16059	175.0
16065	41.0
16076	172.0
16087	174.0
16098	173.0
16109	172.0
16120	172.0
16131	174.0
16139	51.0
16147	52.0
16156	61.0
16164	56.0
16175	172.0
16181	41.0
16192	171.0
16203	172.0
16214	171.0
16225	173.0
16236	172.0
16247	172.0
16258	172.0
16269	171.0
16278	57.0
16288	172.0
16299	171.0
16310	172.0
16320	69.0
16331	171.0
16337	41.0
16348	172.0
16359	173.0
16370	174.0
16380	71.0
16390	70.0
16401	174.0
16409	54.0
16420	172.0
16431	173.0
16442	173.0
16450	58.0
16461	173.0
16472	173.0
16483	172.0
16494	173.0
16502	51.0
16513	172.0
16520	53.0
16531	173.0
16542	173.0
16553	173.0
16559	41.0
16569	170.0
16580	173.0
16584	28.0
16592	57.0
16603	173.0
16614	172.0
16625	171.0
16636	174.0
16647	174.0
16658	171.0
16669	172.0
16680	174.0
16691	172.0
16699	51.0
16709	167.0
16720	172.0
16728	51.0
16739	171.0
16750	173.0
16758	55.0
16769	172.0
16780	172.0
16791	172.0
16802	172.0
16812	69.0
16823	171.0
16834	175.0
16844	69.0
16855	173.0
16863	52.0
16873	73.0
16877	27.0
16885	50.0
16896	171.0
16907	171.0
16918	172.0
16929	173.0
16940	173.0
16951	171.0
16955	27.0
16966	172.0
16976	71.0
16987	173.0
16991	27.0
16999	50.0
17007	50.0
17015	50.0
17025	71.0
17036	173.0
17046	71.0
17057	173.0
17068	172.0
17076	54.0
17087	173.0
17095	51.0
17105	171.0
17116	174.0
17127	172.0
17138	173.0
17149	172.0
17160	170.0
17171	172.0
17180	61.0
17188	52.0
17196	54.0
17207	175.0
17218	173.0
17222	27.0
17233	173.0
17241	52.0
17251	71.0
17262	172.0
17273	173.0
17283	73.0
17294	172.0
17305	172.0
17316	174.0
17320	27.0
17331	171.0
17342	173.0
17352	69.0
17360	51.0
17371	171.0
17382	172.0
17392	170.0
17400	51.0
17404	27.0
17415	174.0
17426	173.0
17434	52.0
17445	172.0
17456	173.0
17467	173.0
17478	170.0
17488	69.0
17499	174.0
17507	52.0
17518	172.0
17529	173.0
17537	50.0
17545	52.0
17556	172.0
17564	57.0
17574	70.0
17580	41.0
17590	171.0
17601	176.0
17612	172.0
17623	174.0
17634	172.0
17645	173.0
17656	171.0
17667	173.0
17675	56.0
17685	70.0
17689	27.0
17700	171.0
17709	63.0
17720	174.0
17731	174.0
17742	173.0
17753	173.0
17764	172.0
17773	63.0
17783	69.0
17794	171.0
17805	173.0
17816	172.0
17827	171.0
17838	172.0
17849	172.0
17860	173.0
17871	173.0
17882	171.0
17893	171.0
17903	70.0
17914	174.0
17925	173.0
17936	170.0
17947	174.0
17958	172.0
17964	41.0
17975	172.0
17986	174.0
17989	28.0
17991	199.0
18002	171.0
18010	58.0
18018	56.0
18029	173.0
18040	173.0
18051	173.0
18059	59.0
18070	172.0
18080	70.0
18091	175.0
18102	173.0
18110	56.0
18116	43.0
18127	172.0
18138	173.0
18149	171.0
18160	171.0
18171	172.0
18181	168.0
18192	171.0
18203	172.0
18214	173.0
18222	53.0
18233	174.0
18244	173.0
18252	52.0
18263	171.0
18274	176.0
18285	172.0
18295	69.0
18306	174.0
18314	50.0
18325	174.0
18336	173.0
18346	170.0
18357	173.0
18365	51.0
18376	171.0
18382	38.0
18393	173.0
18404	174.0
18415	173.0
18426	173.0
18437	173.0
18448	170.0
18459	171.0
18470	172.0
18481	170.0
18489	52.0
18500	171.0
18511	171.0
18522	172.0
18533	173.0
18544	174.0
18555	173.0
18566	174.0
18577	174.0
18587	68.0
18590	28.0
18601	172.0
18612	171.0
18620	58.0
18630	71.0
18641	173.0
18651	70.0
18662	172.0
18671	57.0
18682	172.0
18690	51.0
18701	174.0
18712	170.0
18722	72.0
18733	171.0
18744	173.0
18752	59.0
18763	172.0
18774	173.0
18785	171.0
18796	172.0
18807	174.0
18818	173.0
18829	173.0
18840	172.0
18846	42.0
18857	173.0
18868	174.0
18879	173.0
18890	173.0
18898	56.0
18908	71.0
18919	175.0
18930	174.0
18941	173.0
18952	171.0
18963	172.0
18974	171.0
18984	71.0
18992	53.0
19003	172.0
19014	172.0
19025	172.0
19034	57.0
19045	170.0
19056	172.0
19067	173.0
19078	172.0
19089	174.0
19100	170.0
19110	71.0
19119	58.0
19130	173.0
19141	171.0
19152	174.0
19158	40.0
19169	172.0
19177	51.0
19188	173.0
19199	173.0
19210	175.0
19221	173.0
19232	172.0
19243	170.0
19254	175.0
19265	175.0
19276	173.0
19287	174.0
19295	52.0
19306	173.0
19309	29.0
19320	173.0
19331	173.0
19342	175.0
19353	173.0
19364	172.0
19373	63.0
19383	70.0
19394	175.0
19405	173.0
19416	175.0
19427	173.0
19437	171.0
19448	173.0
19459	173.0
19470	174.0
19481	171.0
19492	172.0
19503	171.0
19514	172.0
19522	57.0
19533	173.0
19544	172.0
19550	40.0
19558	50.0
19569	172.0
19580	174.0
19586	38.0
19597	175.0
19608	176.0
19618	173.0
19629	174.0
19637	50.0
19646	61.0
19657	174.0
19667	71.0
19678	173.0
19689	170.0
19700	172.0
19711	172.0
19721	170.0
19732	174.0
19743	173.0
19753	71.0
19761	54.0
19772	171.0
19783	172.0
19794	173.0
19802	51.0
19813	173.0
19821	55.0
19832	172.0
19843	175.0
19854	171.0
19865	174.0
19876	172.0
19884	57.0
19895	173.0
19906	171.0
19915	57.0
19925	169.0
19931	41.0
19942	172.0
19950	57.0
19960	72.0
19971	173.0
19982	172.0
19993	173.0
20001	52.0
20011	72.0
20017	39.0
20025	52.0
20033	53.0
20041	52.0
20052	172.0
20063	174.0
20074	172.0
20085	175.0
20091	40.0
20102	172.0
20111	58.0
20122	173.0
20132	71.0
20143	172.0
20154	172.0
20165	174.0
20176	173.0
20187	171.0
20198	173.0
20209	171.0
20219	172.0
20230	173.0
20240	170.0
20248	54.0
20259	172.0
20270	171.0
20281	173.0
20292	171.0
20303	173.0
20314	172.0
20324	71.0
20333	61.0
20344	171.0
20355	172.0
20366	172.0
20377	174.0
20388	174.0
20399	173.0
20410	172.0
20421	172.0
20431	72.0
20441	70.0
20452	172.0
20463	173.0
20471	52.0
20482	172.0
20490	50.0
20501	172.0
20512	173.0
20523	172.0
20534	171.0
20545	172.0
20556	173.0
20566	70.0
20576	70.0
20587	172.0
20595	51.0
20606	174.0
20615	57.0
20626	172.0
20637	173.0
20648	172.0
20659	174.0
20670	172.0
20681	173.0
20692	172.0
20703	173.0
20709	41.0
20720	172.0
20731	172.0
20737	40.0
20743	40.0
20753	169.0
20761	57.0
20772	173.0
20783	172.0
20792	58.0
20800	52.0
20808	54.0
20819	171.0
20827	51.0
20838	173.0
20849	172.0
20857	55.0
20868	173.0
20876	50.0
20887	171.0
20898	173.0
20909	173.0
20920	174.0
20931	173.0
20942	175.0
20953	173.0
20964	173.0
20975	173.0
20986	172.0
20997	172.0
21006	58.0
21012	42.0
21018	41.0
21024	41.0
21035	172.0
21046	172.0
21056	71.0
21067	173.0
21078	172.0
21089	172.0
21100	173.0
21104	27.0
21115	172.0
21121	40.0
21131	169.0
21142	175.0
21146	27.0
21157	174.0
21165	52.0
21176	171.0
21187	172.0
21198	173.0
21209	172.0
21220	173.0
21231	173.0
21242	174.0
21253	173.0
21264	173.0
21275	173.0
21286	172.0
21297	172.0
21308	172.0
21319	173.0
21323	25.0
21334	173.0
21345	173.0
21356	173.0
21367	172.0
21378	173.0
21389	170.0
21393	27.0
21404	172.0
21415	171.0
21419	25.0
21430	174.0
21434	27.0
21445	173.0
21456	174.0
21467	174.0
21478	173.0
21489	173.0
21500	173.0
21511	172.0
21522	172.0
21533	175.0
21541	51.0
21552	171.0
21558	41.0
21569	173.0
21580	173.0
21591	173.0
21601	70.0
21612	172.0
21623	171.0
21633	174.0
21641	56.0
21652	173.0
21663	172.0
21674	172.0
21685	176.0
21696	171.0
21706	72.0
21716	73.0
21724	51.0
21735	171.0
21746	172.0
21757	171.0
21768	174.0
21776	51.0
21787	173.0
21797	171.0
21808	172.0
21819	173.0
21829	71.0
21840	174.0
21851	174.0
21862	173.0
21873	173.0
21884	173.0
21892	50.0
21900	50.0
21911	172.0
21922	172.0
21932	168.0
21940	54.0
21951	173.0
21962	172.0
21973	173.0
21984	172.0
21992	52.0
22003	171.0
22014	173.0
22025	174.0
22035	169.0
22043	57.0
22054	172.0
22063	61.0
22074	172.0
22085	173.0
22093	49.0
22097	26.0
22108	173.0
22119	173.0
22130	171.0
22141	175.0
22149	52.0
22157	50.0
22168	172.0
22179	171.0
22190	172.0
22201	172.0
22212	173.0
22223	174.0
22234	171.0
22240	41.0
22251	174.0
22262	174.0
22273	172.0
22284	173.0
22295	172.0
22306	172.0
22312	40.0
22322	71.0
22333	172.0
22344	173.0
22355	172.0
22365	72.0
22376	172.0
22387	172.0
22398	172.0
22409	175.0
22418	57.0
22429	174.0
22440	172.0
22451	174.0
22459	55.0
22470	172.0
22481	173.0
22492	173.0
22496	26.0
22507	173.0
22518	172.0
22529	174.0
22539	169.0
22550	173.0
22561	172.0
22572	174.0
22583	175.0
22594	172.0
22605	173.0
22616	172.0
22627	173.0
22638	172.0
22649	174.0
22655	42.0
22666	172.0
22677	172.0
22688	172.0
22699	171.0
22707	52.0
22718	173.0
22729	173.0
22740	173.0
22748	53.0
22759	171.0
22770	172.0
22781	173.0
22792	173.0
22803	174.0
22809	38.0
22820	173.0
22831	172.0
22841	71.0
22849	56.0
22860	174.0
22870	70.0
22878	53.0
22889	171.0
22900	173.0
22911	172.0
22922	173.0
22933	175.0
22944	174.0
22955	173.0
22966	172.0
22977	171.0
22988	173.0
22999	171.0
23010	171.0
23016	41.0
23020	25.0
23028	57.0
23039	171.0
23050	172.0
23061	171.0
23072	173.0
23083	174.0
23094	171.0
23105	170.0
23116	171.0
23127	173.0
23138	175.0
23149	173.0
23159	71.0
23169	70.0
23180	172.0
23191	172.0
23202	171.0
23213	171.0
23224	171.0
23235	174.0
23246	173.0
23257	173.0
23268	171.0
23279	172.0
23290	173.0
23298	51.0
23304	42.0
23315	172.0
23323	56.0
23334	171.0
23345	174.0
23356	173.0
23367	172.0
23378	172.0
23389	172.0
23400	173.0
23411	173.0
23422	173.0
23433	172.0
23444	174.0
23455	174.0
23466	172.0
23476	169.0
23487	174.0
23498	174.0
23509	173.0
23520	173.0
23531	173.0
23541	70.0
23552	173.0
23563	173.0
23573	69.0
23581	50.0
23592	172.0
23603	173.0
23614	172.0
23625	174.0
23636	172.0
23647	173.0
23658	173.0
23669	173.0
23679	169.0
23689	168.0
23700	173.0
23708	57.0
23719	173.0
23730	172.0
23740	170.0
23751	174.0
23762	172.0
23771	58.0
23782	174.0
23793	171.0
23802	58.0
23813	170.0
23824	172.0
23835	174.0
23846	172.0
23857	173.0
23868	172.0
23879	173.0
23890	174.0
23901	172.0
23912	173.0
23923	171.0
23931	51.0
23942	173.0
23950	51.0
23958	51.0
23969	173.0
23980	173.0
23991	173.0
23999	50.0
24010	172.0
24021	173.0
24031	71.0
24042	172.0
24053	174.0
24064	172.0
24075	173.0
24086	174.0
24090	27.0
24100	69.0
24110	69.0
24121	172.0
24132	171.0
24143	171.0
24152	57.0
24163	173.0
24174	173.0
24185	174.0
24196	171.0
24202	39.0
24212	172.0
24223	170.0
24231	56.0
24242	172.0
24253	173.0
24264	172.0
24275	173.0
24286	172.0
24297	172.0
24307	71.0
24318	173.0
24329	173.0
24340	172.0
24348	50.0
24358	71.0
24366	57.0
24374	51.0
24382	53.0
24392	168.0
24402	68.0
24413	172.0
24423	71.0
24434	171.0
24445	172.0
24456	172.0
24467	172.0
24478	173.0
24487	57.0
24498	172.0
24506	54.0
24516	168.0
24527	172.0
24538	170.0
24542	27.0
24550	50.0
24561	172.0
24572	171.0
24583	173.0
24594	172.0
24604	71.0
24615	174.0
24623	58.0
24634	174.0
24642	49.0
24653	173.0
24664	172.0
24675	172.0
24686	173.0
24696	170.0
24704	51.0
24715	174.0
24726	173.0
24737	175.0
24748	173.0
24759	173.0
24770	176.0
24781	174.0
24792	173.0
24803	172.0
24811	51.0
24821	70.0
24832	174.0
24843	172.0
24853	71.0
24864	171.0
24875	172.0
24886	174.0
24896	70.0
24907	174.0
24918	172.0
24929	171.0
24940	171.0
24951	172.0
24961	170.0
24972	171.0
24983	172.0
24994	172.0
25005	173.0
25016	173.0
25027	171.0
25038	171.0
25049	173.0
25060	171.0
25071	173.0
25082	173.0
25093	171.0
25103	71.0
25111	51.0
25122	171.0
25130	55.0
25141	174.0
25152	171.0
25163	174.0
25172	58.0
25180	58.0
25191	173.0
25202	172.0
25213	174.0
25217	29.0
25225	50.0
25236	172.0
25247	173.0
25258	173.0
25269	173.0
25279	174.0
25289	167.0
25295	41.0
25306	172.0
25317	172.0
25328	173.0
25339	174.0
25350	173.0
25361	174.0
25372	174.0
25383	172.0
25387	28.0
25391	27.0
25402	173.0
25410	56.0
25421	173.0
25431	169.0
25435	25.0
25446	174.0
25457	172.0
25468	173.0
25479	173.0
25490	172.0
25501	172.0
25512	175.0
25522	72.0
25533	174.0
25544	171.0
25555	175.0
25559	26.0
25570	173.0
25581	172.0
25589	53.0
25600	173.0
25609	58.0
25619	168.0
25630	172.0
25640	73.0
25651	173.0
25662	176.0
25673	173.0
25684	174.0
25695	171.0
25706	173.0
25715	59.0
25723	52.0
25734	172.0
25745	174.0
25753	55.0
25764	173.0
25775	171.0
25786	172.0
25797	172.0
25808	175.0
25819	172.0
25827	55.0
25838	173.0
25849	172.0
25860	173.0
25871	172.0
25882	172.0
25893	172.0
25904	175.0
25915	174.0
25926	172.0
25937	173.0
25945	57.0
25953	52.0
25964	173.0
25975	173.0
25986	172.0
25997	173.0
26008	175.0
26018	72.0
26022	26.0
26030	55.0
26041	173.0
26052	174.0
26063	171.0
26074	174.0
26083	60.0
26094	173.0
26102	55.0
26113	172.0
26124	173.0
26134	169.0
26145	171.0
26156	173.0
26167	173.0
26175	58.0
26186	172.0
26197	172.0
26208	174.0
26219	174.0
26230	175.0
26238	56.0
26249	173.0
26260	171.0
26271	172.0
26282	172.0
26293	172.0
26304	171.0
26315	174.0
26326	174.0
26330	27.0
26341	172.0
26352	171.0
26363	174.0
26374	174.0
26385	172.0
26396	171.0
26407	172.0
26418	173.0
26427	58.0
26438	173.0
26449	173.0
26460	173.0
26470	171.0
26481	173.0
26492	172.0
26503	173.0
26514	174.0
26525	172.0
26536	174.0
26547	172.0
26558	171.0
26562	28.0
26573	173.0
26584	174.0
26595	173.0
26605	70.0
26616	172.0
26627	173.0
26638	173.0
26649	174.0
26653	25.0
26664	173.0
26675	173.0
26686	172.0
26697	173.0
26708	173.0
26719	171.0
26730	171.0
26741	173.0
26752	174.0
26763	172.0
26774	174.0
26785	174.0
26794	58.0
26805	175.0
26816	172.0
26827	172.0
26838	174.0
26849	173.0
26860	172.0
26868	53.0
26879	171.0
26890	172.0
26901	174.0
26912	173.0
26920	51.0
26931	173.0
26942	174.0
26953	174.0
26963	69.0
26973	73.0
26984	173.0
26995	173.0
27006	172.0
27017	171.0
27028	176.0
27039	172.0
27050	174.0
27061	172.0
27071	165.0
27082	170.0
27093	174.0
27104	172.0
27112	56.0
27123	174.0
27134	173.0
27145	173.0
27153	58.0
27164	173.0
27175	174.0
27183	51.0
27194	173.0
27204	169.0
27214	71.0
27225	171.0
27236	174.0
27247	171.0
27258	172.0
27266	51.0
27277	172.0
27288	173.0
27299	172.0
27310	172.0
27321	173.0
27332	172.0
27342	71.0
27353	172.0
27364	172.0
27375	173.0
27384	58.0
27395	173.0
27406	172.0
27417	172.0
27428	174.0
27439	172.0
27448	60.0
27459	171.0
27465	38.0
27476	173.0
27487	174.0
27491	25.0
27502	173.0
27506	27.0
27517	176.0
27525	50.0
27536	174.0
27547	170.0
27555	50.0
27566	172.0
27577	171.0
27588	173.0
27599	172.0
27610	174.0
27621	172.0
27630	59.0
27641	173.0
27652	172.0
27663	176.0
27674	174.0
27685	174.0
27693	52.0
27704	172.0
27715	172.0
27726	172.0
27737	172.0
27748	173.0
27756	56.0
27767	171.0
27778	173.0
27789	173.0
27800	173.0
27811	173.0
27822	173.0
27833	174.0
27844	171.0
27855	172.0
27866	167.0
27877	173.0
27888	171.0
27899	174.0
27909	171.0
27920	171.0
27931	173.0
27942	171.0
27953	172.0
27959	40.0
27967	52.0
27978	173.0
27989	176.0
28000	172.0
28009	60.0
28020	172.0
28031	173.0
28042	173.0
28052	171.0
28063	171.0
28074	172.0
28085	173.0
28096	173.0
28107	172.0
28111	24.0
28122	170.0
28133	174.0
28144	172.0
28155	174.0
28166	173.0
28177	172.0
28188	173.0
28199	173.0
28210	175.0
28221	172.0
28232	173.0
28243	171.0
28254	173.0
28264	169.0
28275	174.0
28286	172.0
28297	173.0
28308	172.0
28319	175.0
28329	72.0
28340	174.0
28351	173.0
28362	171.0
28373	172.0
28384	173.0
28395	173.0
28406	173.0
28417	171.0
28428	173.0
28438	71.0
28449	173.0
28460	172.0
28471	173.0
28477	41.0
28483	39.0
28494	174.0
28505	173.0
28516	173.0
28527	173.0
28537	168.0
28548	171.0
28559	173.0
28565	39.0
28576	172.0
28587	174.0
28598	172.0
28609	173.0
28617	55.0
28628	173.0
28639	173.0
28650	173.0
28656	40.0
28667	174.0
28678	172.0
28689	176.0
28700	174.0
28711	175.0
28722	172.0
28733	174.0
28741	50.0
28751	70.0
28762	172.0
28773	173.0
28784	172.0
28795	172.0
28805	70.0
28816	173.0
28827	170.0
28838	172.0
28842	24.0
28853	174.0
28864	174.0
28875	174.0
28886	174.0
28897	173.0
28908	173.0
28919	172.0
28926	57.0
28937	172.0
28948	174.0
28959	172.0
28970	174.0
28981	173.0
28992	172.0
29003	173.0
29014	174.0
29024	72.0
29035	174.0
29046	173.0
29057	173.0
29068	174.0
29079	173.0
29090	173.0
29101	174.0
29110	57.0
29121	174.0
29132	173.0
29143	173.0
29154	173.0
29162	51.0
29173	173.0
29184	173.0
29195	173.0
29206	173.0
29216	72.0
29227	172.0
29238	173.0
29249	175.0
29257	55.0
29268	171.0
29279	174.0
29290	172.0
29301	173.0
29312	173.0
29320	56.0
29331	173.0
29342	173.0
29353	173.0
29364	173.0
29374	168.0
29382	54.0
29393	172.0
29404	172.0
29415	173.0
29426	173.0
29437	173.0
29448	174.0
29459	173.0
29469	173.0
29479	71.0
29489	70.0
29500	174.0
29511	172.0
29522	172.0
29532	72.0
29543	172.0
29554	171.0
29565	171.0
29576	170.0
29587	171.0
29598	171.0
29609	172.0
29620	173.0
29631	172.0
29642	173.0
29653	172.0
29664	172.0
29672	52.0
29683	171.0
29693	70.0
29704	174.0
29715	172.0
29726	172.0
29736	69.0
29745	58.0
29756	175.0
29767	173.0
29778	172.0
29789	172.0
29799	171.0
29810	174.0
29818	58.0
29829	172.0
29840	172.0
29851	174.0
29857	41.0
29868	172.0
29879	172.0
29890	173.0
29898	52.0
29909	172.0
29920	172.0
29931	173.0
29942	173.0
29951	57.0
29962	170.0
29973	173.0
29984	174.0
29995	173.0
30006	172.0
30017	171.0
30028	173.0
30039	172.0
30050	173.0
30061	173.0
30072	171.0
30080	57.0
30091	172.0
30102	173.0
30113	171.0
30123	70.0
30134	173.0
30145	173.0
30156	171.0
30167	172.0
30171	26.0
30182	173.0
30193	173.0
30204	172.0
30215	171.0
30226	174.0
30237	173.0
30248	175.0
30259	172.0
30270	174.0
30281	171.0
30292	172.0
30303	174.0
30314	172.0
30325	171.0
30336	172.0
30344	55.0
30355	172.0
30366	173.0
30377	174.0
30388	172.0
30399	173.0
30409	69.0
30420	174.0
30430	71.0
30441	174.0
30452	171.0
30463	172.0
30474	174.0
30485	172.0
30496	173.0
30507	175.0
30518	173.0
30529	172.0
30540	172.0
30551	173.0
30562	174.0
30573	171.0
30584	175.0
30595	174.0
30606	174.0
30617	174.0
30628	171.0
30636	53.0
30644	49.0
30655	171.0
30666	174.0
30677	174.0
30688	173.0
30699	173.0
30710	172.0
30721	172.0
30729	51.0
30739	69.0
30749	73.0
30760	172.0
30771	172.0
30782	173.0
30791	58.0
30802	174.0
30813	172.0
30824	174.0
30835	175.0
30846	173.0
30857	171.0
30868	172.0
30879	172.0
30890	173.0
30901	175.0
30912	171.0
30923	174.0
30934	172.0
30945	172.0
30956	171.0
30960	24.0
30971	171.0
30982	172.0
30993	172.0
31004	174.0
31015	172.0
31026	174.0
31037	172.0
31048	171.0
31059	173.0
31069	71.0
31080	172.0
31091	172.0
31102	172.0
31113	173.0
31121	56.0
31132	174.0
31143	172.0
31154	171.0
31165	172.0
31171	37.0
31182	173.0
31193	171.0
31204	172.0
31215	170.0
31226	171.0
31237	173.0
31248	173.0
31259	176.0
31269	71.0
31280	171.0
31291	174.0
31302	170.0
31310	56.0
31321	175.0
31332	171.0
31343	173.0
31354	174.0
31365	172.0
31376	172.0
31380	24.0
31391	173.0
31402	175.0
31413	174.0
31424	173.0
31435	173.0
31446	173.0
31457	176.0
31467	71.0
31478	172.0
31488	65.0
31499	175.0
31510	175.0
31521	172.0
31532	173.0
31543	172.0
31554	172.0
31565	173.0
31576	173.0
31587	172.0
31595	54.0
31606	172.0
31617	173.0
31628	172.0
31639	174.0
31650	171.0
31661	172.0
31672	174.0
31683	171.0
31694	171.0
31702	51.0
31710	52.0
31720	71.0
31731	174.0
31739	57.0
31750	173.0
31761	173.0
31772	173.0
31783	173.0
31791	51.0
31797	38.0
31808	172.0
31819	170.0
31830	173.0
31841	173.0
31852	173.0
31863	172.0
31874	174.0
31882	55.0
31893	172.0
31897	25.0
31908	171.0
31919	171.0
31930	172.0
31941	172.0
31952	172.0
31958	41.0
31966	51.0
31977	173.0
31988	171.0
31999	172.0
32010	171.0
32021	172.0
32029	56.0
32040	172.0
32050	169.0
32061	173.0
32072	173.0
32081	63.0
32089	57.0
32099	168.0
32103	25.0
32114	173.0
32125	174.0
32136	173.0
32147	173.0
32158	174.0
32169	171.0
32180	173.0
32191	172.0
32197	40.0
32208	174.0
32219	172.0
32230	173.0
32241	174.0
32252	173.0
32263	172.0
32274	171.0
32285	172.0
32296	173.0
32307	170.0
32317	72.0
32328	173.0
32339	172.0
32350	173.0
32361	173.0
32372	171.0
32383	173.0
32394	172.0
32404	168.0
32412	51.0
32423	173.0
32434	173.0
32445	171.0
32456	174.0
32467	174.0
32477	166.0
32488	172.0
32494	38.0
32505	173.0
32516	171.0
32527	173.0
32538	170.0
32549	172.0
32560	171.0
32571	174.0
32578	183.0
32589	174.0
32600	171.0
32611	172.0
32621	169.0
32632	173.0
32643	173.0
32654	172.0
32662	51.0
32673	171.0
32684	172.0
32695	172.0
32706	174.0
32717	173.0
32727	167.0
32738	171.0
32749	172.0
32757	51.0
32767	170.0
32778	171.0
32789	173.0
32800	173.0
32811	172.0
32822	172.0
32833	171.0
32843	171.0
32854	172.0
32865	173.0
32876	174.0
32882	41.0
32890	57.0
32898	50.0
32909	173.0
32920	176.0
32931	172.0
32942	174.0
32953	174.0
32964	172.0
32975	174.0
32984	58.0
32992	54.0
33003	173.0
33014	173.0
33022	57.0
33033	173.0
33044	174.0
33055	174.0
33066	173.0
33074	49.0
33085	173.0
33096	176.0
33107	173.0
33118	170.0
33129	172.0
33137	52.0
33148	171.0
33159	173.0
33167	51.0
33178	172.0
33189	173.0
33200	173.0
33211	173.0
33222	176.0
33233	172.0
33244	173.0
33252	55.0
33260	53.0
33271	171.0
33282	172.0
33292	71.0
33303	174.0
33314	171.0
33325	173.0
33336	171.0
33346	171.0
33357	172.0
33368	172.0
33374	41.0
33384	70.0
33395	173.0
33406	173.0
33417	173.0
33428	172.0
33436	50.0
33446	70.0
33457	174.0
33465	56.0
33476	172.0
33486	71.0
33497	172.0
33508	172.0
33519	173.0
33530	172.0
33541	173.0
33551	169.0
33562	173.0
33573	174.0
33584	173.0
33595	173.0
33606	172.0
33617	172.0
33628	173.0
33639	172.0
33650	173.0
33661	173.0
33672	171.0
33683	175.0
33694	172.0
33705	172.0
33715	70.0
33726	172.0
33737	172.0
33748	173.0
33759	173.0
33770	174.0
33774	27.0
33784	169.0
33795	173.0
33806	170.0
33817	174.0
33828	171.0
33839	173.0
33850	173.0
33861	173.0
33872	172.0
33883	173.0
33894	172.0
33902	50.0
33913	173.0
33924	173.0
33935	173.0
33946	174.0
33954	51.0
33965	173.0
33973	50.0
33984	173.0
33988	29.0
33999	173.0
34010	171.0
34021	173.0
34032	172.0
34043	173.0
34054	172.0
34065	173.0
34073	52.0
34084	173.0
34095	172.0
34106	172.0
34117	172.0
34127	170.0
34138	172.0
34149	175.0
34160	171.0
34171	173.0
34182	171.0
34193	172.0
34204	173.0
34215	172.0
34226	173.0
34234	52.0
34245	172.0
34256	172.0
34267	172.0
34278	174.0
34288	70.0
34299	173.0
34310	172.0
34321	172.0
34332	172.0
34342	168.0
34353	173.0
34364	173.0
34375	172.0
34386	172.0
34397	174.0
34408	174.0
34419	172.0
34430	169.0
34441	171.0
34452	170.0
34463	173.0
34474	172.0
34485	172.0
34496	174.0
34506	170.0
34517	171.0
34528	171.0
34539	173.0
34543	28.0
34554	172.0
34565	171.0
34576	172.0
34586	73.0
34597	171.0
34607	69.0
34618	174.0
34629	172.0
34640	172.0
34651	171.0
34662	173.0
34673	173.0
34684	171.0
34695	172.0
34705	73.0
34715	70.0
34723	50.0
34734	171.0
34742	50.0
34753	171.0
34764	171.0
34775	174.0
34786	172.0
34797	172.0
34808	171.0
34819	172.0
34830	173.0
34841	174.0
34852	172.0
34863	171.0
34874	174.0
34885	174.0
34895	172.0
34906	170.0
34917	170.0
34928	172.0
34939	172.0
34950	173.0
34961	173.0
34972	173.0
34983	173.0
34994	174.0
35005	173.0
35016	172.0
35027	173.0
35035	55.0
35046	173.0
35057	173.0
35068	173.0
35076	51.0
35087	173.0
35098	172.0
35109	172.0
35117	53.0
35125	51.0
35135	170.0
35143	52.0
35154	175.0
35165	174.0
35176	173.0
35187	173.0
35193	39.0
35204	173.0
35215	165.0
35223	51.0
35234	171.0
35245	174.0
35256	173.0
35267	173.0
35275	53.0
35286	173.0
35297	173.0
35308	174.0
35319	171.0
35330	173.0
35336	39.0
35347	173.0
35358	173.0
35369	173.0
35380	171.0
35388	55.0
35399	172.0
35410	170.0
35421	172.0
35432	174.0
35443	173.0
35454	174.0
35460	39.0
35471	173.0
35482	171.0
35493	173.0
35504	173.0
35515	172.0
35526	174.0
35537	173.0
35545	55.0
35556	174.0
35567	173.0
35578	175.0
35586	55.0
35597	172.0
35608	172.0
35619	174.0
35630	173.0
35634	26.0
35642	54.0
35653	173.0
35664	171.0
35675	173.0
35685	171.0
35696	173.0
35707	173.0
35717	71.0
35728	171.0
35739	173.0
35747	50.0
35758	172.0
35769	173.0
35780	172.0
35791	174.0
35802	171.0
35810	51.0
35821	171.0
35832	171.0
35843	170.0
35854	171.0
35865	175.0
35876	173.0
35887	173.0
35896	58.0
35907	172.0
35918	172.0
35929	173.0
35940	173.0
35951	171.0
35962	172.0
35970	57.0
35981	173.0
35992	172.0
35999	53.0
36009	71.0
36020	174.0
36031	172.0
36042	171.0
36053	174.0
36061	50.0
36072	173.0
36083	173.0
36094	174.0
36105	171.0
36116	172.0
36127	170.0
36138	174.0
36149	173.0
36160	171.0
36171	172.0
36182	171.0
36193	173.0
36204	171.0
36215	174.0
36226	175.0
36228	198.0
36239	171.0
36250	174.0
36261	174.0
36272	173.0
36283	173.0
36294	173.0
36304	71.0
36315	172.0
36326	172.0
36337	173.0
36348	174.0
36359	175.0
36370	174.0
36381	172.0
36392	173.0
36403	173.0
36414	172.0
36425	172.0
36436	171.0
36447	172.0
36458	172.0
36469	174.0
36480	173.0
36491	171.0
36502	173.0
36513	172.0
36524	172.0
36535	172.0
36546	174.0
36557	173.0
36568	174.0
36579	173.0
36590	172.0
36601	171.0
36607	40.0
36618	171.0
36629	173.0
36640	172.0
36651	171.0
36662	174.0
36673	170.0
36684	172.0
36695	172.0
36705	70.0
36716	174.0
36727	173.0
36738	173.0
36749	173.0
36760	172.0
36771	172.0
36782	173.0
36793	172.0
36804	171.0
36815	171.0
36826	174.0
36837	173.0
36848	170.0
36858	173.0
36868	168.0
36879	175.0
36890	173.0
36901	174.0
36912	175.0
36922	71.0
36933	175.0
36944	174.0
36955	174.0
36966	172.0
36976	71.0
36987	171.0
36998	173.0
37009	171.0
37020	173.0
37028	51.0
37039	173.0
37050	172.0
37061	173.0
37072	174.0
37083	172.0
37094	172.0
37105	171.0
37116	171.0
37127	173.0
37138	171.0
37149	174.0
37153	26.0
37164	174.0
37175	172.0
37186	171.0
37197	173.0
37208	173.0
37216	50.0
37227	172.0
37238	173.0
37249	172.0
37259	171.0
37270	171.0
37281	173.0
37291	69.0
37302	174.0
37313	173.0
37324	173.0
37335	172.0
37345	73.0
37356	171.0
37367	173.0
37378	172.0
37389	175.0
37400	172.0
37411	176.0
37422	172.0
37433	172.0
37444	177.0
37455	172.0
37466	167.0
37472	38.0
37482	171.0
37493	172.0
37504	173.0
37515	173.0
37526	172.0
37537	174.0
37548	175.0
37556	51.0
37567	171.0
37578	172.0
37589	172.0
37597	55.0
37608	173.0
37619	172.0
37630	171.0
37641	172.0
37652	172.0
37662	71.0
37670	51.0
37681	173.0
37692	172.0
37703	172.0
37714	172.0
37725	173.0
37736	171.0
37747	173.0
37758	172.0
37768	71.0
37779	173.0
37790	173.0
37801	174.0
37812	173.0
37823	174.0
37834	173.0
37845	176.0
37856	174.0
37867	172.0
37877	70.0
37888	172.0
37899	172.0
37910	173.0
37921	172.0
37932	172.0
37943	172.0
37954	174.0
37965	172.0
37976	170.0
37984	54.0
37995	174.0
38006	173.0
38017	173.0
38028	173.0
38039	174.0
38050	174.0
38061	174.0
38072	171.0
38083	172.0
38093	170.0
38104	170.0
38115	175.0
38125	71.0
38136	172.0
38147	173.0
38158	173.0
38166	50.0
38177	173.0
38188	172.0
38199	173.0
38210	175.0
38220	168.0
38231	172.0
38242	174.0
38252	71.0
38263	172.0
38274	171.0
38285	171.0
38296	173.0
38306	71.0
38317	172.0
38328	171.0
38339	173.0
38350	171.0
38361	171.0
38372	173.0
38383	173.0
38394	172.0
38402	50.0
38412	70.0
38423	170.0
38434	173.0
38445	172.0
38456	174.0
38467	172.0
38477	168.0
38488	172.0
38499	172.0
38510	173.0
38518	53.0
38529	173.0
38540	171.0
38551	174.0
38562	173.0
38570	51.0
38581	174.0
38592	171.0
38603	172.0
38614	171.0
38625	174.0
38636	174.0
38647	173.0
38658	173.0
38669	171.0
38680	172.0
38691	173.0
38702	172.0
38713	174.0
38724	173.0
38735	173.0
38746	173.0
38757	175.0
38767	168.0
38775	51.0
38786	174.0
38797	173.0
38808	172.0
38819	173.0
38830	174.0
38838	50.0
38849	172.0
38860	171.0
38871	172.0
38882	173.0
38893	174.0
38904	174.0
38915	173.0
38926	175.0
38937	171.0
38948	171.0
38959	174.0
38970	171.0
38981	174.0
38992	172.0
39003	173.0
39014	172.0
39025	172.0
39036	174.0
39047	173.0
39058	171.0
39069	171.0
39080	173.0
39091	175.0
39102	173.0
39113	172.0
39124	172.0
39135	174.0
39146	172.0
39157	173.0
39167	170.0
39178	172.0
39189	172.0
39200	172.0
39211	172.0
39222	174.0
39233	172.0
39244	173.0
39255	172.0
39266	171.0
39277	172.0
39288	174.0
39299	174.0
39310	171.0
39321	173.0
39329	58.0
39335	41.0
39346	172.0
39357	172.0
39368	174.0
39376	51.0
39387	174.0
39398	172.0
39409	172.0
39419	72.0
39430	173.0
39438	56.0
39448	70.0
39458	169.0
39469	173.0
39480	172.0
39491	172.0
39502	172.0
39513	170.0
39522	58.0
39533	173.0
39544	174.0
39555	175.0
39566	172.0
39577	173.0
