0	0
7	21.0
12	16.0
19	23.0
27	24.0
36	30.0
41	15.0
50	27.0
62	40.0
68	17.0
75	20.0
85	33.0
93	23.0
100	20.0
117	155.0
122	16.0
132	34.0
142	32.0
148	18.0
155	22.0
161	17.0
168	21.0
179	34.0
187	26.0
193	18.0
204	37.0
211	22.0
218	21.0
225	22.0
237	39.0
247	32.0
254	22.0
259	16.0
265	17.0
270	14.0
278	25.0
285	24.0
299	44.0
307	25.0
313	18.0
325	38.0
331	17.0
340	28.0
347	21.0
350	25.0
355	27.0
367	39.0
373	17.0
380	21.0
393	41.0
404	33.0
415	36.0
425	30.0
435	29.0
449	44.0
454	17.0
463	27.0
475	43.0
489	43.0
494	17.0
501	23.0
506	15.0
513	22.0
518	17.0
530	38.0
537	21.0
544	21.0
549	17.0
558	29.0
565	20.0
575	31.0
580	16.0
591	33.0
604	41.0
612	26.0
619	20.0
626	22.0
633	23.0
642	27.0
655	43.0
664	29.0
671	22.0
680	25.0
692	37.0
699	21.0
704	16.0
709	18.0
724	46.0
737	41.0
745	26.0
760	48.0
767	21.0
773	18.0
780	22.0
788	25.0
797	30.0
807	33.0
819	37.0
828	28.0
833	16.0
842	29.0
847	16.0
852	16.0
859	21.0
865	16.0
872	22.0
879	23.0
892	43.0
897	20.0
904	23.0
911	22.0
920	30.0
927	22.0
935	27.0
940	17.0
946	19.0
952	21.0
961	31.0
968	23.0
980	42.0
987	25.0
997	35.0
1002	17.0
1010	29.0
1018	26.0
1023	17.0
1034	36.0
1044	35.0
1053	29.0
1059	22.0
1067	26.0
1076	29.0
1083	27.0
1090	23.0
1096	21.0
1102	20.0
1114	42.0
1124	31.0
1132	27.0
1137	17.0
1142	17.0
1152	36.0
1157	16.0
1162	17.0
1170	26.0
1178	27.0
1183	18.0
1191	25.0
1198	25.0
1208	34.0
1215	23.0
1226	37.0
1231	14.0
1236	17.0
1243	22.0
1248	27.0
1263	51.0
1269	18.0
1277	28.0
1284	24.0
1289	17.0
1295	20.0
1300	18.0
1309	29.0
1316	23.0
1321	17.0
1329	29.0
1338	33.0
1347	33.0
1354	23.0
1359	18.0
1367	28.0
1376	32.0
1383	24.0
1393	33.0
1402	31.0
1409	21.0
1415	20.0
1425	32.0
1430	16.0
1439	31.0
1444	17.0
1449	18.0
1456	23.0
1463	25.0
1470	24.0
1479	31.0
1482	25.0
1487	19.0
1497	36.0
1502	16.0
1513	35.0
1520	24.0
1525	18.0
1532	22.0
1539	22.0
1547	28.0
1560	47.0
1574	49.0
1587	43.0
1592	16.0
1603	37.0
1611	28.0
1621	32.0
1628	21.0
1640	42.0
1648	27.0
1654	18.0
1662	27.0
1668	22.0
1673	16.0
1685	42.0
1696	36.0
1703	22.0
1712	30.0
1718	22.0
1725	23.0
1739	50.0
1744	15.0
1753	32.0
1758	16.0
1768	34.0
1776	28.0
1786	34.0
1792	22.0
1800	25.0
1807	24.0
1813	19.0
1824	41.0
1838	49.0
1843	16.0
1850	21.0
1856	19.0
1864	27.0
1873	32.0
1879	21.0
1896	157.0
1914	161.0
1920	19.0
1927	23.0
1938	37.0
1955	57.0
1969	49.0
1972	25.0
1977	16.0
1983	20.0
1995	45.0
2001	19.0
2006	17.0
2013	31.0
2019	21.0
2024	19.0
2029	16.0
2034	15.0
2040	17.0
2050	36.0
2058	27.0
2063	17.0
2068	15.0
2075	24.0
2080	16.0
2088	25.0
2096	28.0
2101	18.0
2108	23.0
2115	23.0
2124	29.0
2130	20.0
2139	31.0
2145	17.0
2157	45.0
2169	40.0
2184	50.0
2189	16.0
2198	32.0
2205	25.0
2210	16.0
2219	32.0
2224	19.0
2230	20.0
2242	39.0
2253	37.0
2260	22.0
2267	24.0
2273	22.0
2281	26.0
2286	16.0
2302	55.0
2315	45.0
2322	23.0
2331	33.0
2338	23.0
2343	16.0
2348	17.0
2356	28.0
2369	45.0
2379	34.0
2385	19.0
2392	21.0
2399	25.0
2412	44.0
2428	53.0
2435	21.0
2442	23.0
2450	28.0
2456	19.0
2473	160.0
2481	27.0
2486	17.0
2496	36.0
2502	19.0
2509	21.0
2521	41.0
2528	21.0
2536	27.0
2543	24.0
2552	32.0
2561	29.0
2568	24.0
2575	26.0
2582	22.0
2591	31.0
2604	43.0
2611	24.0
2618	22.0
2625	23.0
2638	45.0
2645	22.0
2651	19.0
2663	39.0
2673	33.0
2679	21.0
2684	16.0
2693	30.0
2708	53.0
2725	158.0
2732	24.0
2739	22.0
2745	21.0
2752	22.0
2758	22.0
2769	37.0
2776	26.0
2783	22.0
2791	29.0
2799	29.0
2806	23.0
2811	15.0
2818	23.0
2823	19.0
2832	30.0
2847	51.0
2860	44.0
2868	27.0
2873	17.0
2878	17.0
2886	24.0
2898	40.0
2904	21.0
2909	17.0
2922	45.0
2931	30.0
2940	28.0
2952	42.0
2961	31.0
2967	18.0
2975	27.0
2980	19.0
2989	33.0
2999	33.0
3004	15.0
3010	18.0
3015	16.0
3025	30.0
3037	42.0
3042	17.0
3047	17.0
3056	30.0
3070	49.0
3076	20.0
3082	22.0
3094	38.0
3106	42.0
3114	27.0
3126	41.0
3131	16.0
3144	47.0
3150	19.0
3161	38.0
3170	31.0
3176	19.0
3184	26.0
3187	26.0
3192	15.0
3201	33.0
3213	43.0
3220	22.0
3225	18.0
3230	18.0
3235	18.0
3240	15.0
3246	18.0
3258	41.0
3263	19.0
3271	28.0
3278	23.0
3286	26.0
3293	21.0
3302	28.0
3310	28.0
3322	39.0
3330	25.0
3337	28.0
3350	44.0
3362	40.0
3377	51.0
3382	17.0
3390	26.0
3400	33.0
3409	30.0
3414	16.0
3421	21.0
3429	25.0
3434	16.0
3442	28.0
3448	18.0
3453	17.0
3462	28.0
3472	35.0
3479	23.0
3492	42.0
3500	28.0
3505	17.0
3513	27.0
3520	21.0
3529	30.0
3538	29.0
3546	29.0
3553	22.0
3565	40.0
3571	19.0
3577	18.0
3590	43.0
3598	28.0
3605	24.0
3610	16.0
3615	17.0
3620	16.0
3625	17.0
3633	29.0
3639	21.0
3647	28.0
3652	15.0
3659	21.0
3666	25.0
3673	21.0
3680	22.0
3688	28.0
3695	22.0
3708	44.0
3719	36.0
3728	29.0
3736	26.0
3742	20.0
3750	26.0
3757	21.0
3762	16.0
3770	24.0
3778	27.0
3784	20.0
3789	16.0
3797	26.0
3805	27.0
3821	55.0
3837	56.0
3846	33.0
3851	17.0
3857	19.0
3868	36.0
3873	16.0
3885	41.0
3897	40.0
3903	20.0
3913	33.0
3922	31.0
3929	22.0
3934	17.0
3941	22.0
3950	32.0
3957	22.0
3965	27.0
3973	29.0
3982	33.0
3996	46.0
4005	31.0
4012	21.0
4028	55.0
4038	33.0
4049	37.0
4057	27.0
4062	16.0
4075	44.0
4082	21.0
4091	29.0
4096	17.0
4101	16.0
4106	18.0
4111	16.0
4116	16.0
4124	27.0
4136	44.0
4145	29.0
4155	34.0
4160	20.0
4172	42.0
4177	16.0
4188	37.0
4197	30.0
4202	15.0
4210	28.0
4219	31.0
4231	40.0
4241	32.0
4255	47.0
4268	44.0
4285	156.0
4302	157.0
4313	34.0
4318	17.0
4323	16.0
4328	16.0
4338	33.0
4344	17.0
4349	16.0
4354	16.0
4360	19.0
4370	32.0
4375	18.0
4387	42.0
4395	25.0
4409	47.0
4426	157.0
4438	40.0
4446	26.0
4453	22.0
4459	19.0
4472	46.0
4480	26.0
4485	19.0
4491	18.0
4497	17.0
4502	17.0
4509	23.0
4516	22.0
4528	39.0
4533	15.0
4538	16.0
4543	17.0
4550	24.0
4556	20.0
4563	21.0
4571	27.0
4579	26.0
4595	158.0
4600	16.0
4609	29.0
4615	21.0
4623	23.0
4634	37.0
4641	24.0
4651	34.0
4661	33.0
4668	23.0
4671	26.0
4679	27.0
4685	18.0
4697	43.0
4704	22.0
4711	22.0
4716	17.0
4723	22.0
4735	42.0
4744	29.0
4757	45.0
4762	16.0
4773	37.0
4790	56.0
4803	43.0
4808	15.0
4815	23.0
4823	27.0
4829	19.0
4836	23.0
4842	19.0
4848	18.0
4859	36.0
4865	21.0
4874	29.0
4884	32.0
4893	31.0
4908	50.0
4913	17.0
4922	29.0
4933	35.0
4942	27.0
4948	19.0
4959	36.0
4970	37.0
4981	36.0
4995	45.0
5007	40.0
5012	16.0
5019	23.0
5024	18.0
5035	33.0
5041	19.0
5058	157.0
5064	19.0
5069	17.0
5080	37.0
5097	158.0
5103	18.0
5115	40.0
5121	19.0
5131	32.0
5137	19.0
5145	28.0
5150	15.0
5167	157.0
5180	42.0
5185	17.0
5193	23.0
5200	24.0
5205	16.0
5221	156.0
5229	25.0
5238	31.0
5250	41.0
5256	17.0
5263	23.0
5277	47.0
5292	51.0
5305	43.0
5311	19.0
5326	54.0
5336	32.0
5343	24.0
5359	56.0
5364	17.0
5372	28.0
5386	47.0
5396	35.0
5413	161.0
5430	156.0
5446	52.0
5453	21.0
5460	22.0
5468	26.0
5475	23.0
5480	17.0
5487	25.0
5495	26.0
5503	24.0
5511	24.0
5522	36.0
5530	25.0
5537	21.0
5545	24.0
5550	16.0
5555	17.0
5565	34.0
5574	28.0
5585	36.0
5590	17.0
5597	24.0
5604	21.0
5615	37.0
5624	31.0
5629	16.0
5637	27.0
5642	16.0
5655	45.0
5661	19.0
5670	29.0
5679	31.0
5684	16.0
5690	22.0
5696	18.0
5709	45.0
5718	32.0
5727	28.0
5734	22.0
5739	18.0
5746	22.0
5756	32.0
5762	19.0
5768	18.0
5777	30.0
5788	34.0
5796	25.0
5807	37.0
5818	35.0
5832	52.0
5838	22.0
5847	30.0
5857	35.0
5863	19.0
5871	27.0
5879	26.0
5884	17.0
5889	16.0
5895	22.0
5902	22.0
5910	25.0
5918	27.0
5925	21.0
5931	21.0
5942	37.0
5947	18.0
5954	22.0
5963	30.0
5980	156.0
5992	39.0
5999	24.0
6004	16.0
6009	18.0
6015	22.0
6020	16.0
6028	25.0
6040	40.0
6045	16.0
6050	17.0
6059	30.0
6075	52.0
6088	42.0
6093	16.0
6104	36.0
6113	29.0
6118	16.0
6134	54.0
6146	42.0
6163	155.0
6171	27.0
6188	156.0
6196	26.0
6202	20.0
6216	46.0
6224	27.0
6229	17.0
6237	27.0
6246	28.0
6251	16.0
6256	16.0
6265	30.0
6276	37.0
6286	34.0
6303	157.0
6313	32.0
6318	16.0
6324	20.0
6340	156.0
6351	35.0
6367	54.0
6372	16.0
6380	27.0
6393	43.0
6400	24.0
6409	30.0
6419	33.0
6425	21.0
6433	26.0
6444	36.0
6452	23.0
6457	16.0
6462	17.0
6468	20.0
6473	18.0
6480	23.0
6488	29.0
6495	21.0
6510	152.0
6517	22.0
6529	43.0
6539	34.0
6547	24.0
6556	30.0
6564	25.0
6582	158.0
6589	23.0
6594	17.0
6600	19.0
6614	50.0
6622	25.0
6627	17.0
6635	26.0
6651	56.0
6668	157.0
6677	30.0
6683	18.0
6690	21.0
6703	43.0
6712	32.0
6718	18.0
6725	23.0
6736	37.0
6745	28.0
6755	34.0
6764	29.0
6770	18.0
6784	52.0
6796	40.0
6803	22.0
6820	158.0
6829	30.0
6835	18.0
6848	44.0
6853	17.0
6859	18.0
6869	31.0
6887	159.0
6898	36.0
6909	35.0
6918	29.0
6936	159.0
6943	24.0
6950	21.0
6959	30.0
6973	45.0
6979	18.0
6990	39.0
6995	16.0
7003	26.0
7013	33.0
7018	26.0
7023	16.0
7032	28.0
7037	16.0
7042	16.0
7050	27.0
7057	21.0
7065	25.0
7074	30.0
7082	26.0
7088	21.0
7096	25.0
7105	30.0
7121	154.0
7131	36.0
7136	18.0
7146	34.0
7151	15.0
7161	33.0
7170	29.0
7178	26.0
7186	24.0
7194	28.0
7199	17.0
7207	29.0
7217	32.0
7224	24.0
7232	27.0
7242	35.0
7253	35.0
7267	45.0
7275	28.0
7280	15.0
7288	27.0
7296	27.0
7310	48.0
7319	30.0
7327	28.0
7337	33.0
7347	33.0
7360	44.0
7369	28.0
7377	24.0
7382	16.0
7390	27.0
7400	32.0
7414	48.0
7419	15.0
7429	34.0
7436	24.0
7444	26.0
7460	154.0
7472	43.0
7485	41.0
7491	21.0
7507	58.0
7515	27.0
7524	32.0
7533	29.0
7549	53.0
7559	32.0
7572	42.0
7581	31.0
7586	16.0
7599	44.0
7616	57.0
7627	35.0
7643	59.0
7651	27.0
7663	39.0
7669	18.0
7683	45.0
7692	29.0
7697	16.0
7707	33.0
7724	157.0
7739	53.0
7745	21.0
7751	21.0
7756	17.0
7763	24.0
7770	22.0
7777	26.0
7786	28.0
7803	154.0
7814	36.0
7820	19.0
7831	36.0
7840	31.0
7847	21.0
7858	37.0
7863	16.0
7873	32.0
7880	22.0
7885	17.0
7890	16.0
7897	23.0
7902	17.0
7911	30.0
7918	22.0
7926	26.0
7931	17.0
7936	17.0
7945	31.0
7951	19.0
7967	55.0
7974	22.0
7986	41.0
8001	51.0
8016	49.0
8025	29.0
8036	36.0
8047	37.0
8060	45.0
8071	36.0
8087	54.0
8098	36.0
8111	43.0
8116	17.0
8124	27.0
8130	18.0
8142	48.0
8157	52.0
8164	25.0
8172	28.0
8180	27.0
8188	25.0
8195	22.0
8205	35.0
8213	24.0
8225	41.0
8242	156.0
8248	18.0
8263	49.0
8270	24.0
8278	28.0
8287	29.0
8293	21.0
8301	26.0
8311	34.0
8321	34.0
8333	41.0
8345	40.0
8356	38.0
8372	55.0
8382	33.0
8390	26.0
8398	27.0
8406	24.0
8418	43.0
8434	152.0
8448	49.0
8453	14.0
8466	45.0
8471	15.0
8482	35.0
8492	33.0
8500	24.0
8506	21.0
8515	30.0
8523	27.0
8537	46.0
8551	49.0
8558	24.0
8563	16.0
8572	29.0
8583	34.0
8596	42.0
8607	39.0
8624	155.0
8637	42.0
8643	20.0
8649	20.0
8656	24.0
8662	22.0
8677	49.0
8683	20.0
8691	25.0
8707	56.0
8723	54.0
8739	155.0
8748	29.0
8753	16.0
8763	32.0
8780	156.0
8789	29.0
8806	158.0
8812	21.0
8829	156.0
8845	51.0
8854	31.0
8863	31.0
8873	34.0
8880	21.0
8889	28.0
8904	52.0
8916	41.0
8921	15.0
8929	27.0
8946	157.0
8954	28.0
8966	41.0
8978	39.0
8995	158.0
9005	34.0
9013	27.0
9020	22.0
9028	27.0
9045	158.0
9062	158.0
9070	27.0
9078	28.0
9092	43.0
9100	24.0
9106	19.0
9112	20.0
9127	53.0
9133	21.0
9142	30.0
9158	154.0
9175	160.0
9188	45.0
9206	159.0
9220	45.0
9237	157.0
9243	24.0
9252	29.0
9265	43.0
9281	55.0
9289	25.0
9300	36.0
9311	37.0
9317	23.0
9325	26.0
9337	38.0
9345	25.0
9359	51.0
9368	30.0
9378	35.0
9392	47.0
9404	41.0
9422	162.0
9435	45.0
9447	41.0
9459	39.0
9467	26.0
9472	17.0
9481	30.0
9490	31.0
9496	20.0
9512	53.0
9526	49.0
9533	23.0
9538	17.0
9555	159.0
9568	46.0
9573	16.0
9582	32.0
9591	29.0
9601	33.0
9615	45.0
9623	26.0
9628	16.0
9643	50.0
9660	156.0
9673	44.0
9689	56.0
9700	39.0
9705	16.0
9717	39.0
9722	19.0
9729	24.0
9739	30.0
9744	16.0
9754	33.0
9762	27.0
9773	40.0
9782	31.0
9790	26.0
9800	35.0
9811	37.0
9819	29.0
9827	26.0
9832	15.0
9844	41.0
9861	156.0
9868	25.0
9884	154.0
9893	31.0
9901	27.0
9906	16.0
9918	40.0
9928	34.0
9936	27.0
9945	31.0
9950	17.0
9962	42.0
9970	25.0
9979	31.0
9987	29.0
10002	52.0
10011	30.0
10022	36.0
10037	52.0
10044	23.0
10056	40.0
10064	29.0
10075	38.0
10089	48.0
10100	40.0
10112	39.0
10118	20.0
10129	36.0
10136	25.0
10149	42.0
10160	37.0
10172	39.0
10179	23.0
10190	39.0
10206	54.0
10213	21.0
10228	52.0
10236	24.0
10245	27.0
10256	35.0
10263	22.0
10280	156.0
10289	29.0
10298	30.0
10313	154.0
10328	52.0
10336	24.0
10353	156.0
10365	39.0
10372	21.0
10378	20.0
10391	42.0
10396	15.0
10410	44.0
10426	56.0
10433	23.0
10446	43.0
10451	16.0
10462	37.0
10469	23.0
10476	24.0
10492	154.0
10499	21.0
10504	16.0
10522	160.0
10531	30.0
10541	34.0
10549	28.0
10559	33.0
10572	43.0
10588	52.0
10605	159.0
10613	26.0
10620	23.0
10628	26.0
10640	42.0
10657	56.0
10662	18.0
10668	18.0
10684	50.0
10694	34.0
10703	30.0
10713	33.0
10718	16.0
10730	37.0
10735	16.0
10750	49.0
10759	32.0
10775	152.0
10783	24.0
10790	23.0
10800	33.0
10805	17.0
10813	26.0
10821	26.0
10829	27.0
10834	15.0
10843	33.0
10851	27.0
10867	55.0
10884	57.0
10892	27.0
10903	39.0
10921	160.0
10928	23.0
10946	163.0
10953	24.0
10965	40.0
10975	33.0
10981	19.0
10987	19.0
11003	54.0
11013	35.0
11020	25.0
11027	22.0
11044	156.0
11059	50.0
11067	25.0
11076	28.0
11083	22.0
11088	17.0
11104	56.0
11109	16.0
11114	16.0
11123	29.0
11138	151.0
11143	16.0
11148	16.0
11160	38.0
11168	25.0
11173	16.0
11184	34.0
11189	16.0
11199	34.0
11210	39.0
11219	30.0
11229	33.0
11242	44.0
11248	20.0
11264	155.0
11275	36.0
11283	27.0
11288	15.0
11294	19.0
11305	35.0
11312	22.0
11325	45.0
11338	45.0
11351	43.0
11366	53.0
11375	29.0
11387	42.0
11394	24.0
11411	158.0
11428	155.0
11435	25.0
11442	22.0
11458	156.0
11471	44.0
11481	33.0
11488	21.0
11505	155.0
11514	28.0
11527	45.0
11536	30.0
11552	153.0
11561	30.0
11571	35.0
11580	30.0
11587	22.0
11595	26.0
11604	29.0
11612	27.0
11619	21.0
11633	46.0
11639	22.0
11649	35.0
11659	33.0
11671	44.0
11679	27.0
11690	34.0
11697	21.0
11704	24.0
11716	41.0
11725	30.0
11734	32.0
11739	17.0
11752	43.0
11765	42.0
11774	29.0
11783	28.0
11795	38.0
11812	158.0
11821	30.0
11836	54.0
11843	23.0
11858	51.0
11874	54.0
11891	59.0
11900	28.0
11909	30.0
11922	42.0
11927	15.0
11935	27.0
11940	18.0
11947	21.0
11960	45.0
11969	29.0
11976	21.0
11986	32.0
11996	35.0
12003	26.0
12008	16.0
12015	24.0
12024	29.0
12041	58.0
12053	43.0
12069	153.0
12074	17.0
12088	48.0
12098	35.0
12103	16.0
12114	37.0
12122	26.0
12135	45.0
12151	53.0
12161	32.0
12171	35.0
12176	17.0
12181	16.0
12194	45.0
12206	39.0
12221	52.0
12234	44.0
12242	27.0
12252	32.0
12268	53.0
12280	42.0
12285	16.0
12292	22.0
12297	18.0
12309	42.0
12319	32.0
12329	35.0
12344	54.0
12351	23.0
12361	34.0
12372	38.0
12390	158.0
12400	33.0
12408	25.0
12421	43.0
12434	45.0
12439	16.0
12455	56.0
12462	23.0
12478	56.0
12484	18.0
12491	22.0
12502	37.0
12520	160.0
12530	32.0
12545	54.0
12562	61.0
12568	18.0
12579	37.0
12588	29.0
12602	47.0
12619	56.0
12632	43.0
12644	42.0
12661	156.0
12670	32.0
12680	34.0
12686	20.0
12692	18.0
12698	18.0
12704	19.0
12720	56.0
12728	25.0
12739	40.0
12753	47.0
12763	35.0
12774	35.0
12791	57.0
12800	30.0
12807	22.0
12824	157.0
12831	24.0
12841	35.0
12853	42.0
12863	36.0
12880	154.0
12887	23.0
12899	41.0
12905	19.0
12911	20.0
12927	57.0
12934	23.0
12948	49.0
12965	56.0
12977	41.0
12993	154.0
13000	20.0
13016	55.0
13023	23.0
13031	25.0
13042	39.0
13052	31.0
13062	33.0
13070	27.0
13081	35.0
13097	55.0
13109	39.0
13124	49.0
13135	37.0
13144	29.0
13151	24.0
13162	36.0
13177	48.0
13186	31.0
13195	32.0
13203	28.0
13215	40.0
13223	26.0
13240	158.0
13247	23.0
13265	158.0
13272	25.0
13284	39.0
13296	39.0
13310	48.0
13328	161.0
13335	25.0
13348	45.0
13355	25.0
13365	32.0
13374	30.0
13385	35.0
13395	33.0
13408	47.0
13419	38.0
13426	22.0
13434	25.0
13448	47.0
13457	30.0
13468	40.0
13484	59.0
13491	26.0
13508	157.0
13515	23.0
13523	26.0
13532	30.0
13543	38.0
13551	29.0
13567	152.0
13580	44.0
13590	34.0
13597	23.0
13612	51.0
13628	55.0
13645	157.0
13651	19.0
13658	22.0
13673	151.0
13689	156.0
13706	156.0
13712	22.0
13721	31.0
13735	48.0
13749	47.0
13757	26.0
13764	23.0
13776	43.0
13793	157.0
13802	31.0
13815	44.0
13831	52.0
13841	34.0
13854	46.0
13864	33.0
13880	54.0
13890	37.0
13898	24.0
13915	59.0
13923	25.0
13932	31.0
13940	27.0
13947	22.0
13958	36.0
13967	28.0
13972	18.0
13978	20.0
13983	18.0
13993	34.0
14001	27.0
14014	42.0
14024	34.0
14032	27.0
14048	55.0
14066	158.0
14073	26.0
14078	17.0
14090	39.0
14105	52.0
14121	56.0
14136	53.0
14152	154.0
14169	156.0
14179	33.0
14194	49.0
14204	32.0
14214	35.0
14222	26.0
14229	23.0
14240	38.0
14248	26.0
14260	41.0
14277	158.0
14283	19.0
14292	30.0
14297	17.0
14314	157.0
14331	58.0
14341	33.0
14356	52.0
14367	37.0
14380	41.0
14394	48.0
14409	51.0
14426	158.0
14433	24.0
14443	33.0
14454	37.0
14464	34.0
14476	42.0
14493	157.0
14509	57.0
14526	58.0
14535	30.0
14543	26.0
14560	156.0
14565	15.0
14570	17.0
14579	29.0
14589	30.0
14593	17.0
14606	43.0
14622	54.0
14632	35.0
14648	56.0
14659	35.0
14674	52.0
14692	160.0
14709	57.0
14716	21.0
14732	54.0
14748	53.0
14753	16.0
14761	28.0
14771	35.0
14782	36.0
14791	29.0
14799	26.0
14816	156.0
14824	29.0
14833	29.0
14844	37.0
14852	26.0
14861	28.0
14868	21.0
14878	35.0
14886	25.0
14903	56.0
14912	30.0
14923	36.0
14933	30.0
14940	21.0
14950	32.0
14960	34.0
14968	25.0
14985	155.0
14993	27.0
15009	56.0
15026	158.0
15037	36.0
15051	48.0
15068	61.0
15076	28.0
15086	36.0
15100	46.0
15117	157.0
15134	155.0
15150	157.0
15164	46.0
15178	46.0
15193	52.0
15200	22.0
15210	35.0
15221	36.0
15232	35.0
15243	36.0
15261	161.0
15274	42.0
15291	60.0
15309	60.0
15321	42.0
15330	29.0
15339	30.0
15352	46.0
15358	20.0
15367	28.0
15379	41.0
15396	154.0
15413	157.0
15422	31.0
15438	55.0
15449	36.0
15456	21.0
15466	34.0
15475	28.0
15492	159.0
15502	35.0
15510	26.0
15520	33.0
15535	52.0
15541	20.0
15547	21.0
15562	50.0
15578	55.0
15590	40.0
15606	152.0
15611	15.0
15618	22.0
15628	35.0
15638	33.0
15643	16.0
15659	52.0
15675	53.0
15680	17.0
15688	24.0
15699	36.0
15711	41.0
15722	35.0
15731	30.0
15740	28.0
15756	54.0
15766	34.0
15778	39.0
15787	29.0
15799	41.0
15815	53.0
15827	40.0
15835	24.0
15846	34.0
15854	29.0
15862	26.0
15878	152.0
15894	55.0
15900	21.0
15906	19.0
15912	20.0
15929	155.0
15945	155.0
15953	26.0
15967	44.0
15979	41.0
15986	21.0
15995	30.0
16008	42.0
16013	15.0
16023	33.0
16038	53.0
16044	24.0
16052	27.0
16068	53.0
16075	23.0
16080	16.0
16091	36.0
16106	54.0
16112	19.0
16123	39.0
16136	43.0
16144	25.0
16160	57.0
16167	21.0
16173	21.0
16181	28.0
16193	37.0
16207	46.0
16219	42.0
16230	36.0
16239	31.0
16249	33.0
16254	17.0
16270	153.0
16276	20.0
16282	20.0
16295	43.0
16300	17.0
16308	26.0
16321	45.0
16332	38.0
16344	40.0
16353	30.0
16362	31.0
16373	36.0
16383	33.0
16396	46.0
16413	57.0
16430	159.0
16438	26.0
16445	24.0
16458	45.0
16466	28.0
16483	57.0
16492	30.0
16501	31.0
16513	37.0
16521	27.0
16530	29.0
16539	31.0
16551	38.0
16562	36.0
16579	58.0
16593	48.0
16606	42.0
16623	159.0
16633	33.0
16649	51.0
16659	34.0
16672	43.0
16689	157.0
16698	29.0
16705	24.0
16713	30.0
16726	42.0
16742	156.0
16754	40.0
16769	53.0
16785	57.0
16793	28.0
16809	154.0
16815	20.0
16826	39.0
16834	28.0
16848	46.0
16861	46.0
16874	41.0
16883	28.0
16895	41.0
16912	158.0
16921	33.0
16937	56.0
16947	32.0
16959	42.0
16967	28.0
16979	42.0
16995	53.0
17004	27.0
17012	25.0
17020	27.0
17034	47.0
17042	26.0
17059	155.0
17064	15.0
17072	25.0
17089	157.0
17100	38.0
17111	37.0
17121	32.0
17138	155.0
17145	21.0
17161	57.0
17171	32.0
17185	49.0
17200	49.0
17208	27.0
17220	41.0
17232	41.0
17242	35.0
17251	29.0
17266	51.0
17281	52.0
17289	25.0
17300	36.0
17312	41.0
17329	158.0
17338	29.0
17354	55.0
17359	16.0
17368	33.0
17374	20.0
17390	159.0
17395	16.0
17407	39.0
17418	38.0
17426	27.0
17443	156.0
17459	154.0
17476	158.0
17492	154.0
17504	40.0
17518	49.0
17535	154.0
17544	30.0
17558	49.0
17567	32.0
17574	21.0
17585	37.0
17602	157.0
17612	33.0
17625	42.0
17633	29.0
17643	34.0
17660	156.0
17668	24.0
17673	16.0
17687	47.0
17698	38.0
17712	48.0
17718	20.0
17723	16.0
17736	42.0
17744	30.0
17752	26.0
17762	34.0
17769	22.0
17783	47.0
17792	31.0
17801	27.0
17811	33.0
17821	33.0
17833	41.0
17841	29.0
17851	33.0
17866	51.0
17879	44.0
17891	39.0
17901	34.0
17907	18.0
17917	36.0
17926	30.0
17932	19.0
17944	43.0
17960	54.0
17974	46.0
17982	25.0
17987	17.0
17999	42.0
18016	157.0
18025	31.0
18033	27.0
18042	28.0
18058	155.0
18074	55.0
18083	32.0
18094	35.0
18102	25.0
18115	44.0
18128	44.0
18134	19.0
18143	29.0
18160	158.0
18177	54.0
18182	18.0
18193	39.0
18206	41.0
18211	16.0
18219	28.0
18232	41.0
18248	58.0
18264	55.0
18272	26.0
18285	44.0
18300	51.0
18307	21.0
18317	33.0
18326	32.0
18341	48.0
18353	39.0
18367	50.0
18373	19.0
18389	54.0
18406	157.0
18411	16.0
18419	29.0
18434	50.0
18440	18.0
18448	26.0
18463	51.0
18473	34.0
18479	20.0
18489	32.0
18496	25.0
18505	33.0
18514	31.0
18520	21.0
18530	34.0
18538	25.0
18547	30.0
18552	18.0
18568	154.0
18578	34.0
18586	27.0
18600	49.0
18610	35.0
18619	31.0
18626	22.0
18643	159.0
18659	57.0
18666	23.0
18671	16.0
18681	35.0
18688	22.0
18695	25.0
18704	32.0
18714	32.0
18723	30.0
18735	42.0
18743	26.0
18749	19.0
18759	34.0
18775	154.0
18787	39.0
18797	32.0
18802	14.0
18816	45.0
18824	26.0
18833	31.0
18850	57.0
18862	39.0
18878	153.0
18885	21.0
18901	155.0
18909	27.0
18922	44.0
18936	46.0
18953	156.0
18966	44.0
18981	52.0
18996	51.0
19006	36.0
19013	23.0
19022	30.0
19033	40.0
19046	45.0
19062	55.0
19078	54.0
19089	39.0
19100	35.0
19117	158.0
19123	20.0
19130	24.0
19140	35.0
19152	39.0
19168	158.0
19178	34.0
19190	40.0
19198	25.0
19214	58.0
19227	45.0
19238	37.0
19247	29.0
19255	26.0
19272	155.0
19288	154.0
19296	26.0
19304	26.0
19310	21.0
19318	27.0
19328	35.0
19341	44.0
19351	34.0
19356	17.0
19369	41.0
19382	44.0
19399	158.0
19406	23.0
19420	46.0
19425	18.0
19442	156.0
19453	38.0
19460	23.0
19467	22.0
19483	157.0
19500	157.0
19517	157.0
19527	32.0
19533	17.0
19541	28.0
19557	158.0
19564	23.0
19575	35.0
19593	160.0
19602	31.0
19613	40.0
19623	33.0
19639	53.0
19644	18.0
19651	23.0
19660	29.0
19674	47.0
19690	155.0
19698	26.0
19715	156.0
19732	157.0
19746	46.0
19761	52.0
19769	25.0
19776	22.0
19784	28.0
19792	28.0
19802	34.0
19819	158.0
19825	20.0
19831	18.0
19840	31.0
19852	42.0
19860	25.0
19872	40.0
19880	30.0
19893	44.0
19902	28.0
19908	19.0
19917	29.0
19922	17.0
19939	155.0
19945	22.0
19962	156.0
19970	26.0
19976	21.0
19981	16.0
19990	30.0
20004	46.0
20020	154.0
20037	156.0
20054	157.0
20071	157.0
20081	34.0
20098	156.0
20106	24.0
20122	157.0
20131	30.0
20147	53.0
20156	30.0
20166	34.0
20176	33.0
20186	34.0
20195	30.0
20203	27.0
20220	157.0
20236	152.0
20250	47.0
20262	39.0
20279	158.0
20289	33.0
20306	157.0
20315	28.0
20322	23.0
20328	19.0
20339	37.0
20347	27.0
20359	41.0
20373	49.0
20385	41.0
20401	53.0
20407	22.0
20424	57.0
20431	23.0
20444	44.0
20457	41.0
20471	45.0
20485	47.0
20495	32.0
20509	53.0
20518	30.0
20529	37.0
20538	30.0
20548	33.0
20566	162.0
20580	48.0
20592	41.0
20608	53.0
20619	37.0
20627	25.0
20643	156.0
20652	31.0
20658	20.0
20668	34.0
20685	154.0
20701	55.0
20713	43.0
20723	33.0
20728	18.0
20740	40.0
20746	21.0
20751	16.0
20757	21.0
20763	20.0
20772	29.0
20789	157.0
20800	34.0
20809	31.0
20814	16.0
20830	154.0
20846	155.0
20855	29.0
20868	43.0
20873	16.0
20883	32.0
20899	154.0
20913	46.0
20925	38.0
20942	57.0
20951	30.0
20959	29.0
20968	29.0
20977	30.0
20982	16.0
20991	29.0
21001	34.0
21006	16.0
21023	157.0
21040	155.0
21051	35.0
21063	43.0
21070	24.0
21086	58.0
21092	19.0
21109	158.0
21125	55.0
21134	31.0
21148	47.0
21158	32.0
21165	25.0
21173	29.0
21189	155.0
21202	46.0
21214	38.0
21224	35.0
21233	31.0
21245	39.0
21254	31.0
21271	157.0
21281	33.0
21294	42.0
21311	157.0
21328	157.0
21343	48.0
21354	37.0
21362	29.0
21378	54.0
21387	30.0
21399	43.0
21410	35.0
21422	36.0
21439	156.0
21446	22.0
21455	31.0
21464	32.0
21480	54.0
21496	157.0
21507	38.0
21514	23.0
21525	36.0
21539	47.0
21553	46.0
21563	37.0
21572	31.0
21578	17.0
21595	156.0
21606	35.0
21619	43.0
21636	157.0
21649	43.0
21657	26.0
21672	51.0
21681	32.0
21691	32.0
21699	27.0
21708	29.0
21720	40.0
21731	39.0
21740	30.0
21749	30.0
21760	35.0
21765	17.0
21777	42.0
21788	36.0
21796	25.0
21804	28.0
21816	40.0
21825	28.0
21837	40.0
21848	37.0
21862	47.0
21879	157.0
21889	34.0
21894	16.0
21911	156.0
21921	34.0
21927	20.0
21935	26.0
21952	158.0
21968	155.0
21976	27.0
21994	158.0
22005	37.0
22023	161.0
22035	41.0
22045	32.0
22057	40.0
22063	18.0
22079	154.0
22094	51.0
22111	159.0
22128	158.0
22138	32.0
22144	21.0
22161	56.0
22173	44.0
22179	21.0
22186	23.0
22198	40.0
22205	24.0
22220	52.0
22231	36.0
22237	21.0
22247	35.0
22264	157.0
22278	45.0
22292	48.0
22298	20.0
22310	42.0
22324	49.0
22329	17.0
22341	40.0
22358	159.0
22371	44.0
22379	24.0
22392	43.0
22398	20.0
22413	51.0
22423	32.0
22437	47.0
22450	45.0
22460	32.0
22470	33.0
22479	29.0
22493	48.0
22501	25.0
22513	42.0
22526	44.0
22539	44.0
22548	29.0
22558	33.0
22570	40.0
22576	20.0
22585	29.0
22590	15.0
22601	36.0
22608	25.0
22618	32.0
22630	41.0
22635	15.0
22646	35.0
22651	15.0
22660	30.0
22678	159.0
22683	17.0
22695	39.0
22701	19.0
22710	30.0
22716	18.0
22727	36.0
22737	32.0
22743	18.0
22749	20.0
22766	155.0
22782	152.0
22788	21.0
22805	156.0
22817	42.0
22826	31.0
22834	27.0
22846	41.0
22857	35.0
22867	32.0
22875	25.0
22880	16.0
22889	30.0
22897	26.0
22908	36.0
22913	16.0
22926	46.0
22931	17.0
22940	32.0
22957	158.0
22974	157.0
22983	32.0
22997	45.0
23013	154.0
23027	49.0
23035	27.0
23048	42.0
23065	156.0
23071	20.0
23080	28.0
23097	155.0
23113	155.0
23127	47.0
23132	16.0
23150	159.0
23164	46.0
23178	47.0
23191	44.0
23200	30.0
23215	51.0
23231	55.0
23237	19.0
23249	42.0
23261	41.0
23278	157.0
23288	33.0
23304	56.0
23315	38.0
23322	22.0
23328	18.0
23339	38.0
23355	56.0
23370	51.0
23381	36.0
23387	20.0
23397	34.0
23406	31.0
23411	16.0
23419	26.0
23435	54.0
23451	57.0
23466	50.0
23476	33.0
23489	43.0
23495	18.0
23504	29.0
23511	23.0
23516	16.0
23527	41.0
23544	155.0
23549	16.0
23555	18.0
23573	160.0
23589	152.0
23599	34.0
23606	23.0
23619	45.0
23633	46.0
23640	26.0
23656	157.0
23665	32.0
23671	22.0
23676	17.0
23686	36.0
23695	33.0
23709	48.0
23715	23.0
23724	31.0
23738	47.0
23751	44.0
23760	33.0
23775	51.0
23790	54.0
23797	26.0
23805	27.0
23814	31.0
23819	16.0
23824	16.0
23832	27.0
23848	156.0
23854	21.0
23868	49.0
23882	51.0
23890	25.0
23906	58.0
23912	18.0
23919	26.0
23925	20.0
23934	30.0
23939	16.0
23954	154.0
23963	29.0
23972	33.0
23984	42.0
23989	15.0
23999	37.0
24004	16.0
24009	18.0
24019	34.0
24028	34.0
24038	36.0
24048	34.0
24058	34.0
24071	47.0
24087	156.0
24096	34.0
24101	18.0
24110	35.0
24126	159.0
24139	44.0
24147	28.0
24164	60.0
24181	158.0
24190	30.0
24200	35.0
24209	32.0
24222	42.0
24233	37.0
24245	44.0
24253	31.0
24260	24.0
24270	39.0
24278	31.0
24287	31.0
24303	59.0
24312	31.0
24321	31.0
24331	37.0
24346	54.0
24357	40.0
24367	36.0
24374	29.0
24387	44.0
24401	154.0
24417	156.0
24432	161.0
24437	16.0
24452	157.0
24460	26.0
24465	16.0
24476	38.0
24486	35.0
24502	156.0
24518	156.0
24527	31.0
24536	31.0
24541	18.0
24554	48.0
24566	40.0
24582	157.0
24599	161.0
24616	162.0
24622	23.0
24637	157.0
24645	24.0
24654	28.0
24671	163.0
24685	52.0
24693	28.0
24708	56.0
24716	30.0
24722	21.0
24733	41.0
24741	28.0
24756	52.0
24767	39.0
24772	17.0
24782	38.0
24795	48.0
24800	19.0
24810	31.0
24828	165.0
24844	57.0
24855	40.0
24871	158.0
24883	40.0
24890	24.0
24898	28.0
24904	19.0
24913	31.0
24928	159.0
24942	48.0
24950	29.0
24963	47.0
24971	32.0
24978	23.0
24985	25.0
25002	59.0
25011	28.0
25019	26.0
25036	158.0
25042	19.0
25056	53.0
25061	18.0
25068	22.0
25076	26.0
25085	32.0
25093	31.0
25108	52.0
25118	34.0
25125	22.0
25135	36.0
25150	54.0
25166	157.0
25183	58.0
25197	51.0
25205	27.0
25213	26.0
25220	22.0
25230	34.0
25241	39.0
25248	21.0
25256	26.0
25262	22.0
25272	34.0
25278	22.0
25289	38.0
25298	33.0
25307	31.0
25319	45.0
25336	161.0
25353	57.0
25360	23.0
25369	29.0
25376	24.0
25392	56.0
25403	37.0
25419	158.0
25427	28.0
25444	160.0
25458	48.0
25474	58.0
25482	25.0
25498	154.0
25507	32.0
25522	57.0
25534	45.0
25550	161.0
25562	49.0
25569	23.0
25579	36.0
25588	30.0
25603	57.0
25616	44.0
25625	32.0
25635	35.0
25640	16.0
25651	39.0
25656	18.0
25669	45.0
25676	26.0
25684	25.0
25700	157.0
25711	38.0
25727	164.0
25738	37.0
25744	23.0
25761	159.0
25774	49.0
25779	17.0
25796	161.0
25804	29.0
25816	44.0
25832	54.0
25845	45.0
25860	53.0
25874	50.0
25882	23.0
25894	40.0
25905	41.0
25914	31.0
25927	43.0
25943	160.0
25951	33.0
25966	53.0
25980	50.0
25993	46.0
26005	43.0
26011	24.0
26025	50.0
26041	55.0
26054	46.0
26067	45.0
26076	29.0
26093	157.0
26102	31.0
26111	35.0
26125	48.0
26136	39.0
26153	161.0
26162	33.0
26175	45.0
26188	49.0
26199	40.0
26214	52.0
26225	37.0
26230	16.0
26246	59.0
26263	160.0
26281	163.0
26290	32.0
26303	43.0
26320	164.0
26328	27.0
26336	27.0
26349	46.0
26364	52.0
26373	31.0
26389	57.0
26406	161.0
26423	157.0
26438	54.0
26449	41.0
26459	37.0
26474	54.0
26490	59.0
26506	156.0
26516	35.0
26533	160.0
26541	29.0
26558	61.0
26571	46.0
26587	155.0
26599	39.0
26609	35.0
26622	45.0
26638	157.0
26653	53.0
26669	59.0
26677	29.0
26683	21.0
26693	33.0
26705	40.0
26714	34.0
26724	38.0
26736	46.0
26753	156.0
26764	35.0
26771	24.0
26784	45.0
26789	17.0
26797	25.0
26808	41.0
26820	41.0
26826	22.0
26834	28.0
26840	19.0
26851	37.0
26856	16.0
26865	30.0
26875	32.0
26889	51.0
26894	16.0
26900	19.0
26915	155.0
26927	41.0
26940	44.0
26947	25.0
26963	57.0
26971	26.0
26987	56.0
27004	159.0
27012	28.0
27028	157.0
27036	26.0
27052	154.0
27063	41.0
27068	16.0
27084	158.0
27097	43.0
27107	32.0
27116	32.0
27122	19.0
27136	52.0
27144	31.0
27159	53.0
27176	158.0
27188	41.0
27200	43.0
27216	56.0
27230	50.0
27239	30.0
27247	27.0
27257	34.0
27274	157.0
27286	40.0
27301	51.0
27306	15.0
27311	16.0
27328	156.0
27341	44.0
27348	21.0
27364	54.0
27371	23.0
27377	22.0
27384	24.0
27392	21.0
27408	55.0
27425	161.0
27436	39.0
27452	155.0
27467	54.0
27472	15.0
27482	31.0
27497	49.0
27514	55.0
27530	152.0
27539	36.0
27553	48.0
27568	54.0
27580	43.0
27596	58.0
27608	43.0
27623	54.0
27637	49.0
27644	25.0
27652	26.0
27658	21.0
27667	33.0
27674	24.0
27687	49.0
27703	54.0
27715	38.0
27722	25.0
27728	19.0
27744	156.0
27755	38.0
27763	28.0
27780	157.0
27786	22.0
27795	31.0
27805	35.0
27813	27.0
27823	33.0
27839	55.0
27844	18.0
27852	28.0
27860	31.0
27870	33.0
27882	41.0
27888	23.0
27893	16.0
27910	61.0
27915	17.0
27921	21.0
27938	157.0
27943	18.0
27954	40.0
27970	156.0
27986	59.0
28003	58.0
28009	23.0
28014	16.0
28021	24.0
28032	37.0
28040	26.0
28046	20.0
28061	49.0
28077	56.0
28088	39.0
28097	31.0
28105	28.0
28116	35.0
28126	34.0
28142	56.0
28154	44.0
28162	26.0
28173	39.0
28189	56.0
28198	30.0
28207	34.0
28219	42.0
28228	30.0
28236	29.0
28249	45.0
28255	21.0
28261	20.0
28266	16.0
28278	42.0
28288	33.0
28293	16.0
28309	59.0
28326	156.0
28342	154.0
28352	35.0
28369	159.0
28384	50.0
28397	45.0
28413	56.0
28419	21.0
28424	17.0
28441	156.0
28447	21.0
28463	56.0
28476	45.0
28485	32.0
28491	19.0
28508	156.0
28516	29.0
28524	25.0
28538	47.0
28555	159.0
28568	44.0
28576	24.0
28593	157.0
28599	19.0
28607	25.0
28622	153.0
28636	48.0
28652	156.0
28657	16.0
28668	39.0
28679	37.0
28687	28.0
28695	28.0
28711	56.0
28725	50.0
28733	29.0
28744	37.0
28760	53.0
28776	160.0
28792	156.0
28800	28.0
28811	37.0
28828	156.0
28838	34.0
28849	40.0
28856	22.0
28866	33.0
28871	15.0
28888	157.0
28900	43.0
28910	33.0
28916	19.0
28926	35.0
28938	39.0
28952	50.0
28964	47.0
28977	44.0
28986	32.0
28995	33.0
29009	51.0
29026	160.0
29035	33.0
29045	33.0
29055	35.0
29064	30.0
29070	20.0
29086	160.0
29095	31.0
29103	25.0
29113	38.0
29126	42.0
29140	49.0
29147	27.0
29152	17.0
29159	30.0
29169	34.0
29182	47.0
29198	57.0
29211	45.0
29226	54.0
29239	45.0
29254	51.0
29267	48.0
29275	25.0
29285	34.0
29297	40.0
29304	24.0
29318	50.0
29326	31.0
29341	157.0
29350	33.0
29357	23.0
29366	30.0
29377	36.0
29390	44.0
29406	57.0
29414	26.0
29427	48.0
29438	36.0
29443	17.0
29452	30.0
29464	41.0
29479	50.0
29487	27.0
29495	28.0
29505	35.0
29512	21.0
29518	21.0
29532	47.0
29544	37.0
29553	28.0
29569	54.0
29584	53.0
29597	46.0
29607	34.0
29612	18.0
29620	26.0
29631	36.0
29639	24.0
29650	39.0
29664	47.0
29680	54.0
29697	159.0
29704	23.0
29714	34.0
29722	25.0
29733	36.0
29743	33.0
29753	35.0
29762	33.0
29773	41.0
29785	38.0
29796	38.0
29805	29.0
29814	31.0
29828	48.0
29842	47.0
29852	34.0
29862	33.0
29872	33.0
29888	56.0
29896	25.0
29911	50.0
29923	39.0
29937	48.0
29945	28.0
29952	22.0
29959	22.0
29964	18.0
29980	58.0
29996	153.0
30008	40.0
30019	36.0
30028	30.0
30039	37.0
30044	15.0
30056	42.0
30064	27.0
30077	44.0
30084	22.0
30098	46.0
30106	26.0
30117	39.0
30131	50.0
30141	33.0
30147	21.0
30159	41.0
30175	55.0
30187	40.0
30198	39.0
30210	43.0
30226	55.0
30234	26.0
30239	16.0
30249	33.0
30259	34.0
30269	33.0
30279	33.0
30297	163.0
30302	16.0
30307	17.0
30320	46.0
30331	36.0
30338	21.0
30351	43.0
30360	29.0
30369	31.0
30376	23.0
30393	54.0
30402	30.0
30419	158.0
30429	31.0
30440	37.0
30445	16.0
30452	21.0
30468	55.0
30485	156.0
30496	37.0
30507	36.0
30518	36.0
30535	157.0
30549	48.0
30566	158.0
30576	32.0
30585	28.0
30597	39.0
30608	39.0
30625	154.0
30632	25.0
30648	154.0
30664	56.0
30669	14.0
30678	29.0
30694	54.0
30703	30.0
30720	158.0
30731	37.0
30744	44.0
30749	19.0
30759	33.0
30775	54.0
30780	17.0
30790	32.0
30797	23.0
30810	46.0
30818	26.0
30836	160.0
30841	17.0
30852	35.0
30868	54.0
30875	23.0
30884	32.0
30901	156.0
30915	46.0
30932	158.0
30937	17.0
30943	21.0
30959	154.0
30975	55.0
30991	152.0
30997	21.0
31003	21.0
31013	33.0
31021	26.0
31033	38.0
31043	33.0
31055	42.0
31071	156.0
31081	34.0
31098	157.0
31114	55.0
31119	16.0
31128	31.0
31145	157.0
31162	157.0
31179	59.0
31189	34.0
31197	27.0
31206	29.0
31215	29.0
31223	25.0
31234	36.0
31243	32.0
31259	55.0
31265	20.0
31282	160.0
31298	53.0
31309	36.0
31326	158.0
31339	44.0
31351	44.0
31362	38.0
31373	38.0
31390	156.0
31400	32.0
31417	156.0
31434	158.0
31447	46.0
31456	30.0
31463	21.0
31476	45.0
31482	19.0
31487	16.0
31493	21.0
31510	157.0
31527	158.0
31538	39.0
31548	33.0
31555	21.0
31562	20.0
31571	31.0
31579	27.0
31592	44.0
31602	37.0
31609	23.0
31621	42.0
31626	16.0
31633	24.0
31642	31.0
31649	22.0
31660	37.0
31672	40.0
31684	42.0
31692	28.0
31697	16.0
31708	36.0
31721	45.0
31736	52.0
31746	34.0
31759	44.0
31775	57.0
31791	54.0
31808	157.0
31820	39.0
31829	29.0
31844	51.0
31857	41.0
31874	156.0
31886	41.0
31896	34.0
31906	33.0
31921	153.0
31937	55.0
31946	29.0
31956	33.0
31973	156.0
31990	158.0
32005	51.0
32016	38.0
32028	40.0
32043	50.0
32054	37.0
32064	34.0
32076	43.0
32093	158.0
32106	43.0
32123	57.0
32138	49.0
32147	31.0
32155	26.0
32172	158.0
32179	26.0
32196	157.0
32210	44.0
32227	156.0
32244	156.0
32258	49.0
32272	47.0
32289	155.0
32299	36.0
32305	19.0
32316	36.0
32333	157.0
32350	157.0
32359	29.0
32376	158.0
32389	44.0
32397	27.0
32411	48.0
32420	30.0
32425	15.0
32441	53.0
32458	159.0
32475	159.0
32491	54.0
32502	41.0
32510	26.0
32518	26.0
32529	35.0
32536	24.0
32550	45.0
32563	46.0
32573	32.0
32581	27.0
32598	58.0
32615	158.0
32628	45.0
32636	26.0
32647	36.0
32655	28.0
32668	45.0
32674	19.0
32690	56.0
32695	16.0
32705	34.0
32710	17.0
32718	28.0
32725	22.0
32742	157.0
32750	27.0
32757	21.0
32769	40.0
32786	158.0
32800	44.0
32813	42.0
32827	48.0
32841	47.0
32849	27.0
32858	32.0
32869	38.0
32886	156.0
32897	37.0
32905	27.0
32915	36.0
32922	22.0
32933	35.0
32942	29.0
32951	29.0
32958	20.0
32963	16.0
32980	158.0
32995	50.0
33010	51.0
33022	41.0
33028	20.0
33038	34.0
33052	48.0
33058	20.0
33074	59.0
33085	38.0
33097	42.0
33113	153.0
33120	19.0
33133	43.0
33148	52.0
33157	28.0
33166	30.0
33175	30.0
33184	29.0
33201	156.0
33211	35.0
33219	26.0
33230	38.0
33238	27.0
33254	156.0
33268	47.0
33279	38.0
33290	37.0
33307	58.0
33321	49.0
33338	58.0
33352	45.0
33361	31.0
33368	24.0
33374	21.0
33387	42.0
33393	21.0
33409	55.0
33426	160.0
33433	21.0
33445	44.0
33454	29.0
33462	26.0
33474	37.0
33490	56.0
33505	51.0
33520	52.0
33530	31.0
33537	22.0
33545	28.0
33562	155.0
33578	156.0
33595	157.0
33608	44.0
33619	39.0
33627	27.0
33635	24.0
33650	51.0
33656	20.0
33673	157.0
33688	155.0
33705	157.0
33721	156.0
33729	25.0
33740	40.0
33748	25.0
33753	15.0
33765	39.0
33774	30.0
33784	33.0
33796	40.0
33807	39.0
33823	56.0
33835	40.0
33845	33.0
33851	19.0
33860	29.0
33871	39.0
33888	57.0
33898	34.0
33914	156.0
33931	159.0
33939	28.0
33950	38.0
33961	38.0
33978	62.0
33995	59.0
34013	161.0
34030	57.0
34039	28.0
34052	44.0
34060	26.0
34071	36.0
34085	48.0
34100	52.0
34112	39.0
34118	20.0
34125	21.0
34135	32.0
34143	26.0
34152	30.0
34163	36.0
34170	23.0
34179	29.0
34191	42.0
34207	155.0
34222	53.0
34229	23.0
34240	38.0
34254	47.0
34271	159.0
34276	15.0
34285	30.0
34302	57.0
34311	31.0
34322	35.0
34338	56.0
34348	32.0
34355	22.0
34367	38.0
34373	19.0
34387	44.0
34399	40.0
34417	159.0
34424	25.0
34439	53.0
34447	25.0
34460	45.0
34475	49.0
34485	36.0
34497	39.0
34507	33.0
34512	17.0
34529	155.0
34542	46.0
34550	28.0
34563	44.0
34577	47.0
34586	31.0
34603	158.0
34620	159.0
34627	24.0
34636	29.0
34653	156.0
34669	155.0
34680	35.0
34688	27.0
34693	17.0
34710	157.0
34724	49.0
34730	20.0
34740	32.0
34752	41.0
34760	29.0
34774	49.0
34786	40.0
34795	28.0
34803	28.0
34810	21.0
34827	156.0
34833	19.0
34838	13.0
34844	20.0
34849	16.0
34867	163.0
34883	154.0
34890	20.0
34898	26.0
34905	21.0
34919	47.0
34934	50.0
34950	154.0
34960	34.0
34975	52.0
34992	55.0
35000	27.0
35007	24.0
35019	40.0
35024	16.0
35039	52.0
35052	44.0
35068	154.0
35083	50.0
35097	51.0
35105	27.0
35120	51.0
35129	30.0
35146	156.0
35156	33.0
35164	25.0
35173	31.0
35189	155.0
35199	34.0
35215	154.0
35231	55.0
35240	30.0
35255	48.0
35261	19.0
35275	46.0
35282	21.0
35291	30.0
35306	51.0
35314	27.0
35331	156.0
35348	57.0
35354	22.0
35372	161.0
35389	155.0
35397	28.0
35414	157.0
35428	45.0
35438	34.0
35447	26.0
35464	158.0
35474	33.0
35484	35.0
35493	32.0
35510	157.0
35517	24.0
35534	157.0
35545	39.0
35553	29.0
35565	39.0
35574	30.0
35588	47.0
35598	33.0
35609	37.0
35621	43.0
35635	46.0
35650	52.0
35668	160.0
35673	18.0
35690	159.0
35703	42.0
35710	21.0
35718	28.0
35728	35.0
35737	29.0
35745	28.0
35762	157.0
35778	155.0
35794	53.0
35804	34.0
35817	43.0
35831	48.0
35841	33.0
35857	157.0
35867	33.0
35880	43.0
35896	153.0
35901	16.0
35907	20.0
35915	25.0
35924	32.0
35941	158.0
35957	54.0
35972	152.0
35980	26.0
35990	32.0
36004	47.0
36020	58.0
36037	158.0
36046	28.0
36063	155.0
36073	32.0
36081	26.0
36092	37.0
36104	39.0
36113	30.0
36127	47.0
36140	44.0
36152	40.0
36163	37.0
36174	37.0
36183	30.0
36199	153.0
36216	155.0
36232	55.0
36241	30.0
36253	39.0
36266	45.0
36279	45.0
36289	35.0
36297	24.0
36309	40.0
36319	35.0
36332	43.0
36348	53.0
36363	51.0
36379	151.0
36396	157.0
36402	23.0
36416	46.0
36432	54.0
36442	33.0
36458	155.0
36468	34.0
36476	24.0
36490	49.0
36506	57.0
36513	21.0
36528	49.0
36538	34.0
36554	54.0
36570	157.0
36583	42.0
36592	30.0
36603	37.0
36614	37.0
36630	155.0
36636	21.0
36644	26.0
36653	29.0
36658	15.0
36674	156.0
36687	42.0
36695	27.0
36711	55.0
36723	41.0
36729	22.0
36737	25.0
36752	51.0
36762	34.0
36770	25.0
36787	155.0
36796	31.0
36807	37.0
36817	31.0
36834	157.0
36849	51.0
36862	44.0
36874	44.0
36888	46.0
36905	157.0
36921	55.0
36938	58.0
36947	27.0
36958	34.0
36970	39.0
36979	30.0
36994	46.0
37010	53.0
37016	19.0
37033	153.0
37050	155.0
37058	25.0
37072	47.0
37083	40.0
37097	50.0
37114	157.0
37120	19.0
37131	36.0
37147	55.0
37164	157.0
37173	29.0
37188	53.0
37197	32.0
37212	51.0
37229	157.0
37236	22.0
37252	153.0
37263	36.0
37275	38.0
37280	18.0
37297	156.0
37314	159.0
37319	16.0
37336	157.0
37353	158.0
37366	43.0
37382	55.0
37387	16.0
37401	46.0
37418	158.0
37430	41.0
37441	37.0
37452	38.0
37467	52.0
37480	41.0
37489	28.0
37506	156.0
37522	150.0
37530	27.0
37538	27.0
37545	22.0
37550	16.0
37566	55.0
37575	31.0
37586	36.0
37596	35.0
37610	47.0
37626	55.0
37641	153.0
37657	154.0
37670	45.0
37687	158.0
37697	32.0
37707	32.0
37717	29.0
37734	157.0
37740	21.0
37757	157.0
37771	46.0
37782	38.0
37791	28.0
37800	29.0
37817	158.0
37831	46.0
37848	158.0
37865	58.0
37877	41.0
37882	16.0
37899	158.0
37912	45.0
37929	59.0
37946	158.0
37955	31.0
37967	45.0
37984	56.0
37998	49.0
38011	45.0
38020	31.0
38034	47.0
38049	51.0
38057	28.0
38071	47.0
38085	48.0
38091	17.0
38098	22.0
38112	48.0
38124	39.0
38142	160.0
38159	156.0
38167	28.0
38180	43.0
38196	54.0
38203	26.0
38214	39.0
38222	28.0
38227	16.0
38239	41.0
38248	30.0
38262	45.0
38277	51.0
38285	26.0
38296	36.0
38304	27.0
38321	57.0
38329	24.0
38342	44.0
38356	49.0
38367	38.0
38385	159.0
38397	42.0
38402	16.0
38416	48.0
38422	21.0
38439	155.0
38454	52.0
38462	27.0
38474	42.0
38480	20.0
38494	51.0
38509	48.0
38526	156.0
38532	20.0
38543	35.0
38549	19.0
38559	33.0
38572	43.0
38577	16.0
38588	37.0
38602	46.0
38611	32.0
38619	24.0
38628	28.0
38638	35.0
38646	26.0
38662	153.0
38677	50.0
38694	157.0
38708	50.0
38718	34.0
38730	43.0
38747	57.0
38755	26.0
38769	48.0
38777	27.0
38790	45.0
38798	28.0
38804	23.0
38816	42.0
38823	24.0
38834	37.0
38839	17.0
38848	31.0
38866	158.0
38877	35.0
38895	62.0
38903	25.0
38911	27.0
38927	56.0
38944	157.0
38958	49.0
38970	42.0
38976	21.0
38992	57.0
39000	24.0
39016	54.0
39029	41.0
39038	29.0
39051	45.0
39064	46.0
39071	23.0
39089	161.0
39105	53.0
39122	58.0
39127	16.0
39143	55.0
39151	26.0
39167	154.0
39178	38.0
39191	44.0
39204	42.0
39213	31.0
39222	32.0
39235	45.0
39241	19.0
39251	35.0
39258	22.0
39265	23.0
39278	43.0
39290	40.0
39296	21.0
39313	161.0
39319	20.0
39333	44.0
39342	30.0
39359	157.0
39369	32.0
39382	42.0
39387	15.0
39395	26.0
39412	155.0
39426	45.0
39437	34.0
39446	29.0
39463	155.0
39468	17.0
39477	31.0
39494	156.0
39505	38.0
39516	36.0
39533	156.0
39545	42.0
39561	54.0
39571	33.0
39578	23.0
39591	46.0
39608	156.0
39625	157.0
39636	38.0
39651	52.0
39667	55.0
39684	156.0
39695	36.0
39710	51.0
39716	20.0
39731	51.0
39742	39.0
39751	28.0
39758	25.0
39768	35.0
39774	22.0
39782	26.0
39788	21.0
39793	17.0
39810	158.0
39815	15.0
39832	58.0
39845	45.0
39855	34.0
39865	30.0
39882	157.0
39891	31.0
39899	25.0
39911	38.0
39928	159.0
39936	28.0
39953	156.0
39963	32.0
39974	37.0
39981	23.0
39992	36.0
40006	48.0
40020	52.0
40031	37.0
40041	32.0
40058	155.0
40068	35.0
40077	31.0
40093	157.0
40102	31.0
40110	26.0
40116	21.0
40127	38.0
40144	159.0
40151	22.0
40168	154.0
40180	40.0
40193	43.0
40201	25.0
40218	159.0
40227	30.0
40236	29.0
40252	54.0
40262	35.0
40274	38.0
40282	27.0
40287	16.0
40304	61.0
40312	27.0
40326	46.0
40342	58.0
40348	23.0
40362	45.0
40370	26.0
40387	157.0
40404	158.0
40409	16.0
40420	37.0
40436	155.0
40446	32.0
40461	51.0
40469	25.0
40480	38.0
40488	25.0
40505	159.0
40521	56.0
40529	25.0
40544	55.0
40549	16.0
40563	47.0
40579	53.0
40596	158.0
40604	27.0
40609	16.0
40626	157.0
40640	44.0
40648	27.0
40653	16.0
40670	160.0
40677	25.0
40688	39.0
40694	21.0
40711	58.0
40728	158.0
40735	20.0
40748	45.0
40757	32.0
40770	45.0
40776	20.0
40783	24.0
40797	45.0
40807	35.0
40817	34.0
40825	27.0
40834	31.0
40851	158.0
40868	57.0
40884	57.0
40895	36.0
40913	163.0
40918	17.0
40935	157.0
40940	16.0
40948	26.0
40956	27.0
40963	21.0
40972	30.0
40983	36.0
40995	42.0
41002	25.0
41015	47.0
41031	56.0
41046	52.0
41055	32.0
41065	32.0
41082	59.0
41092	35.0
41099	23.0
41108	27.0
41116	27.0
41132	55.0
41148	151.0
41165	157.0
41173	28.0
41190	156.0
41201	37.0
41213	39.0
41221	27.0
41231	33.0
41247	53.0
41259	40.0
41276	157.0
41285	30.0
41296	37.0
41302	22.0
41311	29.0
41321	34.0
41334	41.0
41351	59.0
41365	48.0
41379	47.0
41395	57.0
41407	39.0
41420	47.0
41436	157.0
41450	46.0
41458	26.0
41474	58.0
41490	55.0
41500	34.0
41508	29.0
41516	26.0
41531	49.0
41544	44.0
41558	49.0
41575	158.0
41586	38.0
41594	25.0
41601	25.0
41618	156.0
41626	27.0
41632	21.0
41640	27.0
41648	27.0
41657	29.0
41675	160.0
41691	55.0
41708	159.0
41714	19.0
41724	37.0
41732	28.0
41740	27.0
41749	31.0
41760	38.0
41770	33.0
41776	22.0
41785	29.0
41794	31.0
41803	30.0
41813	33.0
41826	43.0
41831	16.0
41848	160.0
41855	23.0
41865	33.0
41881	58.0
41890	28.0
41907	159.0
41912	15.0
41929	157.0
41940	37.0
41953	42.0
41969	56.0
41981	40.0
41998	160.0
42015	157.0
42028	42.0
42036	26.0
42042	19.0
42059	154.0
42075	51.0
42090	51.0
42100	34.0
42113	46.0
42120	22.0
42129	29.0
42144	53.0
42156	40.0
42169	43.0
42187	159.0
42196	27.0
42209	42.0
42224	49.0
42229	16.0
42238	29.0
42245	23.0
42257	40.0
42262	15.0
42271	33.0
42279	26.0
42284	16.0
42301	158.0
42310	30.0
42321	37.0
42331	33.0
42338	20.0
42346	25.0
42354	26.0
42368	47.0
42379	41.0
42385	21.0
42392	21.0
42402	33.0
42417	52.0
42428	36.0
42439	38.0
42444	18.0
42451	22.0
42466	52.0
42483	159.0
42495	42.0
42507	41.0
42518	36.0
42527	29.0
42543	53.0
42557	46.0
42568	38.0
42583	50.0
42591	26.0
42607	53.0
42619	42.0
42627	27.0
42643	159.0
42659	53.0
42676	58.0
42693	157.0
42704	40.0
42712	26.0
42725	43.0
42737	43.0
42742	17.0
42751	31.0
42764	43.0
42779	51.0
42788	33.0
42805	157.0
42813	26.0
42821	28.0
42832	39.0
42843	37.0
42851	26.0
42869	60.0
42879	33.0
42887	27.0
42904	159.0
42915	38.0
42922	21.0
42931	32.0
42936	16.0
42944	26.0
42955	37.0
42964	30.0
42974	35.0
42982	28.0
42993	36.0
43001	27.0
43015	50.0
43022	22.0
43030	28.0
43047	157.0
43057	34.0
43069	37.0
43079	31.0
43096	156.0
43113	155.0
43123	33.0
43139	156.0
43153	47.0
43161	25.0
43169	27.0
43179	31.0
43192	45.0
43198	21.0
43213	53.0
43228	50.0
43242	46.0
43249	22.0
43266	157.0
43276	32.0
43287	38.0
43298	38.0
43306	27.0
43314	26.0
43328	47.0
43337	35.0
43353	154.0
43369	157.0
43377	26.0
43387	35.0
43402	52.0
43412	34.0
43421	32.0
43436	50.0
43453	57.0
43462	30.0
43476	48.0
43488	40.0
43504	52.0
43512	29.0
43521	29.0
43537	57.0
43545	26.0
43550	27.0
43565	157.0
43574	31.0
43586	42.0
43602	56.0
43621	168.0
43629	24.0
43645	54.0
43660	51.0
43674	49.0
43687	46.0
43692	16.0
43700	29.0
43716	158.0
43723	22.0
43740	160.0
43746	20.0
43761	49.0
43777	57.0
43794	157.0
43811	160.0
43828	162.0
43835	23.0
43848	44.0
43856	27.0
43866	34.0
43875	30.0
43885	33.0
43892	23.0
43910	161.0
43920	33.0
43937	158.0
43951	46.0
43962	37.0
43976	48.0
43993	158.0
44001	27.0
44010	29.0
44027	60.0
44039	39.0
44047	30.0
44057	34.0
44071	48.0
44088	159.0
44104	55.0
44114	34.0
44127	44.0
44134	23.0
44150	154.0
44167	158.0
44182	53.0
44195	44.0
44211	55.0
44229	162.0
44247	161.0
44263	55.0
44272	30.0
44288	54.0
44304	153.0
44315	37.0
44332	156.0
44349	157.0
44366	160.0
44380	46.0
44396	155.0
44403	22.0
44412	29.0
44421	29.0
44428	27.0
44435	21.0
44445	33.0
44463	160.0
44471	26.0
44481	35.0
44497	56.0
44513	53.0
44523	33.0
44532	32.0
44541	29.0
44551	37.0
44560	31.0
44568	25.0
44579	36.0
44587	27.0
44603	153.0
44611	30.0
44628	57.0
44637	29.0
44651	47.0
44665	49.0
44671	20.0
44683	39.0
44693	33.0
44707	48.0
44715	28.0
44728	43.0
44735	23.0
44742	21.0
44748	19.0
44761	44.0
44776	52.0
44789	43.0
44802	43.0
44815	44.0
44826	37.0
44836	35.0
44852	158.0
44857	17.0
44872	50.0
44881	30.0
44890	30.0
44900	34.0
44907	22.0
44923	53.0
44940	157.0
44955	47.0
44968	45.0
44984	155.0
45000	55.0
45017	155.0
45034	157.0
45049	49.0
45061	41.0
45078	160.0
45092	50.0
45105	43.0
45117	41.0
45124	25.0
45137	42.0
45145	24.0
45159	43.0
45172	44.0
45189	158.0
45205	153.0
45215	37.0
45229	46.0
45245	55.0
45259	48.0
45271	39.0
45280	27.0
45297	157.0
45304	23.0
45318	48.0
45333	51.0
45344	36.0
45352	28.0
45368	156.0
45377	27.0
45394	58.0
45410	54.0
45425	53.0
45441	55.0
45450	30.0
45460	35.0
45475	51.0
45490	52.0
45502	38.0
45515	43.0
45529	48.0
45541	40.0
45551	32.0
45559	26.0
45575	53.0
45592	157.0
45605	41.0
45622	157.0
45632	33.0
45648	155.0
45658	32.0
45667	28.0
45679	39.0
45690	39.0
45705	51.0
45715	34.0
45728	45.0
45736	27.0
45746	35.0
45755	31.0
45766	36.0
45779	42.0
45791	40.0
45808	157.0
45815	21.0
45823	26.0
45839	54.0
45856	157.0
45864	26.0
45870	20.0
45879	30.0
45896	153.0
45904	27.0
45912	25.0
45926	47.0
45939	44.0
45956	158.0
45963	21.0
45980	161.0
45992	41.0
46000	26.0
46010	34.0
46018	25.0
46035	158.0
46052	157.0
46062	33.0
46068	20.0
46080	42.0
46086	19.0
46095	28.0
46103	27.0
46116	46.0
46123	22.0
46134	41.0
46142	26.0
46158	58.0
46164	19.0
46175	40.0
46186	38.0
46198	41.0
46206	25.0
46213	21.0
46230	157.0
46238	29.0
46244	20.0
46255	36.0
46268	45.0
46282	50.0
46292	33.0
46300	25.0
46312	45.0
46329	157.0
46340	38.0
46356	55.0
46366	33.0
46375	30.0
46382	23.0
46400	160.0
46405	15.0
46418	44.0
46428	34.0
46445	158.0
46455	32.0
46472	157.0
46489	158.0
46500	35.0
46510	35.0
46521	36.0
46531	33.0
46539	27.0
46555	155.0
46571	159.0
46580	29.0
46593	41.0
46610	158.0
46621	36.0
46638	158.0
46648	37.0
46663	50.0
46671	26.0
46682	37.0
46695	44.0
46704	31.0
46715	40.0
46724	30.0
46739	54.0
46753	51.0
46762	30.0
46768	20.0
46785	155.0
46795	34.0
46807	40.0
46824	158.0
46834	35.0
46842	29.0
46849	22.0
46864	48.0
46876	42.0
46888	44.0
46899	37.0
46913	48.0
46920	21.0
46937	157.0
46953	156.0
46965	41.0
46974	29.0
46990	53.0
47004	45.0
47009	15.0
47020	40.0
47032	44.0
47041	31.0
47056	54.0
47065	28.0
47082	157.0
47094	41.0
47103	29.0
47111	28.0
47126	50.0
47141	49.0
47158	155.0
47173	53.0
47182	29.0
47187	16.0
47192	17.0
47206	49.0
47221	52.0
47231	38.0
47245	48.0
47255	32.0
47264	29.0
47276	44.0
47293	57.0
47298	15.0
47315	157.0
47323	29.0
47340	157.0
47352	40.0
47362	36.0
47370	29.0
47383	46.0
47397	48.0
47408	36.0
47418	38.0
47433	53.0
47450	156.0
47460	33.0
47466	20.0
47482	53.0
47487	17.0
47504	159.0
47521	157.0
47534	45.0
47545	36.0
47553	28.0
47570	158.0
47585	155.0
47602	157.0
47618	53.0
47634	56.0
47650	56.0
47661	40.0
47674	43.0
47684	34.0
47701	158.0
47718	159.0
47734	154.0
47739	18.0
47756	158.0
47769	45.0
47778	32.0
47791	43.0
47803	41.0
47817	47.0
47833	154.0
47850	158.0
47864	48.0
47881	158.0
47897	56.0
47909	40.0
47919	31.0
47927	28.0
47942	51.0
47958	53.0
47972	47.0
47987	49.0
48003	156.0
48009	22.0
48023	44.0
48038	50.0
48051	48.0
48060	29.0
48078	161.0
48095	157.0
48102	25.0
48119	158.0
48132	46.0
48149	158.0
48162	45.0
48173	36.0
48185	42.0
48199	48.0
48210	38.0
48224	48.0
48234	34.0
48251	58.0
48257	20.0
48262	17.0
48278	58.0
48283	28.0
48300	155.0
48311	36.0
48328	158.0
48338	35.0
48354	57.0
48364	32.0
48372	27.0
48387	52.0
48400	47.0
48409	32.0
48426	157.0
48443	156.0
48460	159.0
48469	29.0
48483	46.0
48493	34.0
48503	35.0
48512	30.0
48525	43.0
48530	16.0
48539	31.0
48546	24.0
48557	36.0
48571	50.0
48578	23.0
48588	37.0
48603	50.0
48616	43.0
48629	44.0
48636	22.0
48653	160.0
48662	29.0
48676	51.0
48686	33.0
48695	27.0
48712	155.0
48724	40.0
48735	37.0
48752	157.0
48765	45.0
48772	21.0
48781	29.0
48798	157.0
48803	16.0
48808	16.0
48824	54.0
48834	34.0
48850	157.0
48865	52.0
48874	28.0
48891	156.0
48907	153.0
48918	37.0
48929	40.0
48940	36.0
48948	27.0
48954	18.0
48959	17.0
48966	25.0
48983	157.0
49001	161.0
49016	54.0
49031	51.0
49038	22.0
49054	152.0
49070	155.0
49076	22.0
49086	32.0
49102	154.0
49117	52.0
49130	43.0
49141	38.0
49155	47.0
49172	155.0
49179	26.0
49196	157.0
49210	49.0
49218	25.0
49229	34.0
49241	39.0
49250	30.0
49265	51.0
49272	22.0
49280	27.0
49298	158.0
49304	21.0
49318	48.0
49324	21.0
49332	28.0
49348	54.0
49359	37.0
49376	158.0
49386	34.0
49395	31.0
49405	32.0
49413	26.0
49429	55.0
49442	46.0
49457	51.0
49470	46.0
49480	32.0
49491	39.0
49505	49.0
49519	49.0
49530	36.0
49539	31.0
49551	42.0
49566	53.0
49575	34.0
49592	157.0
49606	47.0
49623	159.0
49639	154.0
49645	23.0
49655	34.0
49660	16.0
49666	19.0
49681	55.0
49697	156.0
49702	16.0
49711	31.0
49719	26.0
49724	16.0
49733	33.0
49749	57.0
49766	55.0
49779	44.0
49796	155.0
49807	35.0
49820	45.0
49828	27.0
49838	35.0
49843	16.0
49859	159.0
49876	155.0
49888	44.0
49896	26.0
49913	56.0
49923	34.0
49940	157.0
49951	35.0
49960	31.0
49970	33.0
49985	52.0
50001	55.0
50017	159.0
50026	28.0
50041	51.0
50049	24.0
50057	26.0
50067	31.0
50082	52.0
50095	45.0
50112	156.0
50128	155.0
50136	25.0
50152	153.0
50160	28.0
50174	48.0
50185	37.0
50198	41.0
50209	40.0
50225	153.0
50233	26.0
50245	41.0
50262	157.0
50273	35.0
50288	52.0
50293	18.0
50299	21.0
50314	51.0
50331	55.0
50341	32.0
50357	155.0
50374	158.0
50390	54.0
50400	34.0
50417	156.0
50425	26.0
50436	39.0
50453	158.0
50466	46.0
50471	16.0
50483	38.0
50492	31.0
50508	56.0
50515	23.0
50523	26.0
50534	37.0
50542	24.0
50556	49.0
50564	27.0
50577	44.0
50590	45.0
50604	49.0
50614	37.0
50621	22.0
50628	23.0
50634	19.0
50647	45.0
50663	59.0
50675	43.0
50681	21.0
50696	51.0
50701	16.0
50709	28.0
50719	36.0
50725	21.0
50741	53.0
50757	54.0
50773	154.0
50787	46.0
50792	17.0
50801	31.0
50812	38.0
50827	51.0
50837	35.0
50847	32.0
50862	56.0
50875	43.0
50884	31.0
50901	156.0
50916	53.0
50925	32.0
50941	154.0
50953	42.0
50962	31.0
50972	34.0
50980	27.0
50990	34.0
51003	45.0
51018	53.0
51032	47.0
51040	27.0
51057	157.0
51068	35.0
51081	45.0
51092	35.0
51108	152.0
51125	157.0
51134	30.0
51151	157.0
51160	26.0
51170	32.0
51186	55.0
51197	39.0
51207	35.0
51217	33.0
51230	42.0
51246	155.0
51257	37.0
51264	24.0
51281	156.0
51298	157.0
51314	58.0
51319	16.0
51332	46.0
51347	52.0
51363	53.0
51374	38.0
51389	53.0
51403	50.0
51420	157.0
51436	55.0
51445	29.0
51461	56.0
51472	41.0
51489	159.0
51506	157.0
51518	42.0
51535	156.0
51546	39.0
51562	55.0
51571	30.0
51584	46.0
51600	57.0
51608	25.0
51625	158.0
51642	157.0
51655	46.0
51672	157.0
51687	52.0
51697	32.0
51705	27.0
51716	39.0
51726	36.0
51734	26.0
51745	36.0
51753	26.0
51770	159.0
51784	48.0
51793	31.0
51803	33.0
51810	27.0
51818	25.0
51834	55.0
51842	26.0
51851	28.0
51864	44.0
51871	23.0
51877	21.0
51888	38.0
51896	25.0
51905	31.0
51921	54.0
51927	21.0
51941	47.0
51956	53.0
51970	50.0
51987	158.0
52004	159.0
52021	157.0
52033	40.0
52044	35.0
52059	51.0
52075	156.0
52085	34.0
52102	158.0
52118	56.0
52133	153.0
52143	34.0
52152	30.0
52160	28.0
52172	41.0
52181	31.0
52188	24.0
52204	57.0
52217	45.0
52233	54.0
52243	37.0
52260	157.0
52268	27.0
52276	28.0
52281	16.0
52286	18.0
52295	29.0
52303	27.0
52313	35.0
52330	158.0
52339	31.0
52346	23.0
52363	158.0
52376	44.0
52391	57.0
52401	33.0
52406	16.0
52422	154.0
52439	156.0
52453	45.0
52470	159.0
52482	43.0
52494	42.0
52510	155.0
52526	57.0
52538	42.0
52552	44.0
52563	36.0
52577	45.0
52591	49.0
52608	56.0
52625	156.0
52642	157.0
52659	158.0
52676	159.0
52687	35.0
52703	55.0
52708	17.0
52723	49.0
52735	42.0
52748	48.0
52764	56.0
52773	31.0
52781	29.0
52795	49.0
52803	25.0
52820	157.0
52832	42.0
52839	23.0
52851	41.0
52867	54.0
52879	43.0
52889	33.0
52906	158.0
52924	160.0
52936	40.0
52944	28.0
52950	19.0
52956	22.0
52967	36.0
52978	36.0
52996	160.0
53008	44.0
53023	56.0
53037	50.0
53047	34.0
53058	35.0
53065	23.0
53082	154.0
53088	21.0
53098	32.0
53106	28.0
53120	49.0
53128	28.0
53144	154.0
53153	29.0
53169	154.0
53174	18.0
53190	58.0
53205	55.0
53215	33.0
53220	16.0
53229	31.0
53237	27.0
53245	25.0
53255	32.0
53272	160.0
53282	33.0
53291	32.0
53297	20.0
53307	33.0
53314	26.0
53323	27.0
53339	154.0
53350	38.0
53358	25.0
53364	21.0
53372	28.0
53387	50.0
53396	31.0
53410	44.0
53426	157.0
53442	56.0
53459	159.0
53476	158.0
53492	55.0
53504	42.0
53512	30.0
53520	27.0
53530	34.0
53536	20.0
53549	45.0
53563	48.0
53579	56.0
53590	35.0
53606	157.0
53614	26.0
53623	31.0
53631	26.0
53642	37.0
53650	26.0
53658	25.0
53674	155.0
53691	156.0
53708	158.0
53722	48.0
53731	30.0
53737	20.0
53747	34.0
53763	153.0
53775	44.0
53792	156.0
53809	157.0
53823	47.0
53830	20.0
53844	45.0
53860	55.0
53875	51.0
53890	53.0
53901	37.0
53906	17.0
53923	156.0
53937	46.0
53943	20.0
53956	46.0
53963	20.0
53976	44.0
53992	153.0
54001	29.0
54010	31.0
54016	20.0
54029	45.0
54038	28.0
54047	31.0
54060	41.0
54074	45.0
54086	40.0
54099	49.0
54110	37.0
54120	33.0
54126	20.0
54134	30.0
54148	48.0
54154	22.0
54167	44.0
54184	58.0
54200	155.0
54217	157.0
54233	156.0
54250	158.0
54267	157.0
54284	157.0
54301	159.0
54316	51.0
54326	34.0
54342	55.0
54359	157.0
54376	157.0
54393	158.0
54398	15.0
54406	27.0
54418	39.0
54425	21.0
54436	39.0
54452	57.0
54467	49.0
54481	46.0
54497	55.0
54513	55.0
54527	47.0
54539	43.0
54546	22.0
54557	35.0
54565	24.0
54581	57.0
54599	162.0
54614	50.0
54622	26.0
54639	155.0
54655	155.0
54670	51.0
54687	56.0
54701	47.0
54713	40.0
54723	37.0
54734	39.0
54739	16.0
54752	44.0
54767	49.0
54780	44.0
54794	44.0
54808	47.0
54818	33.0
54828	32.0
54840	38.0
54850	35.0
54867	157.0
54884	158.0
54899	56.0
54915	153.0
54926	38.0
54939	43.0
54954	50.0
54962	25.0
54976	46.0
54993	57.0
55004	39.0
55011	23.0
55017	21.0
55034	159.0
55050	155.0
55058	30.0
55072	45.0
55089	58.0
55103	49.0
55117	45.0
55127	35.0
55144	59.0
55162	161.0
55178	154.0
55188	33.0
55201	46.0
55214	42.0
55231	161.0
55240	31.0
55247	22.0
55256	31.0
55270	52.0
55286	157.0
55298	41.0
55308	32.0
55324	154.0
55334	34.0
55348	48.0
55364	56.0
55374	31.0
55390	156.0
55407	156.0
55420	42.0
55431	39.0
55437	19.0
55448	35.0
55463	52.0
55472	34.0
55484	39.0
55496	41.0
55513	158.0
55522	29.0
55532	32.0
55548	154.0
55559	36.0
55568	28.0
55581	46.0
55592	35.0
55602	34.0
55608	20.0
55616	27.0
55621	16.0
55635	48.0
55643	27.0
55654	38.0
55670	153.0
55687	155.0
55692	18.0
55706	47.0
55722	157.0
55738	55.0
55747	28.0
55755	26.0
55770	50.0
55784	45.0
55798	48.0
55807	30.0
55819	39.0
55829	31.0
55835	23.0
55842	21.0
55850	26.0
55855	17.0
55871	156.0
55881	33.0
55898	158.0
55906	25.0
55920	48.0
55936	58.0
55947	37.0
55963	152.0
55970	23.0
55986	57.0
55992	20.0
56009	158.0
56023	49.0
56031	24.0
56047	58.0
56063	54.0
56076	47.0
56086	34.0
56099	43.0
56112	46.0
56117	15.0
56134	160.0
56151	157.0
56162	36.0
56178	56.0
56195	159.0
56213	162.0
56223	35.0
56239	155.0
56251	40.0
56260	32.0
56270	34.0
56279	28.0
56294	52.0
56303	31.0
56310	22.0
56327	157.0
56344	158.0
56353	29.0
56366	44.0
56383	157.0
56398	52.0
56415	159.0
56425	33.0
56437	44.0
56446	29.0
56458	43.0
56473	52.0
56482	32.0
56493	37.0
56505	40.0
56521	157.0
56534	43.0
56548	48.0
56562	45.0
56576	48.0
56583	23.0
56595	43.0
56607	40.0
56620	42.0
56626	20.0
56643	58.0
56660	158.0
56672	40.0
56686	46.0
56702	54.0
56719	156.0
56733	46.0
56749	54.0
56759	33.0
56775	154.0
56788	45.0
56797	31.0
56810	45.0
56826	159.0
56835	29.0
56848	42.0
56865	159.0
56878	49.0
56889	36.0
56903	49.0
56913	33.0
56927	46.0
56937	33.0
56950	43.0
56958	26.0
56975	156.0
56988	42.0
57005	158.0
57011	23.0
57022	35.0
57033	35.0
57042	29.0
57059	156.0
57065	18.0
57080	50.0
57089	31.0
57098	28.0
57113	49.0
57131	161.0
57148	156.0
57157	32.0
57171	45.0
57181	35.0
57198	159.0
57206	29.0
57215	32.0
57229	47.0
57245	52.0
57257	43.0
57262	15.0
57275	44.0
57282	22.0
57291	29.0
57308	158.0
57323	50.0
57339	160.0
57349	33.0
57357	24.0
57364	24.0
57374	35.0
57389	53.0
57399	35.0
57416	158.0
57433	158.0
57443	34.0
57456	46.0
57470	50.0
57479	31.0
57486	21.0
57500	48.0
57517	157.0
57529	40.0
57537	25.0
57555	160.0
57569	46.0
57584	50.0
57593	28.0
57608	55.0
57625	157.0
57635	34.0
57647	40.0
57664	157.0
57673	31.0
57680	22.0
57689	29.0
57705	156.0
57717	40.0
57734	157.0
57743	32.0
57750	25.0
57756	18.0
57773	160.0
57783	33.0
57799	57.0
57814	52.0
57830	57.0
57841	38.0
57853	43.0
57870	58.0
57875	16.0
57881	19.0
57889	26.0
57897	25.0
57905	25.0
57915	34.0
57929	45.0
57940	35.0
57957	157.0
57963	20.0
57968	16.0
57975	22.0
57991	57.0
58007	157.0
58017	35.0
58022	15.0
58036	48.0
58046	34.0
58056	35.0
58072	56.0
58081	31.0
58088	22.0
58096	27.0
58112	58.0
58127	52.0
58140	43.0
58150	33.0
58165	51.0
58175	35.0
58192	160.0
58204	40.0
58220	58.0
58234	47.0
58239	15.0
58249	34.0
58265	158.0
58273	24.0
58288	50.0
58300	44.0
58316	157.0
58321	15.0
58335	48.0
58350	51.0
58355	16.0
58369	46.0
58374	17.0
58386	41.0
58395	29.0
58408	45.0
58425	154.0
58430	15.0
58435	17.0
58450	54.0
58465	51.0
58482	157.0
58497	51.0
58502	16.0
58511	31.0
58528	157.0
58537	29.0
58545	27.0
58555	34.0
58564	30.0
58576	40.0
58587	36.0
58597	33.0
58613	159.0
58626	47.0
58643	159.0
58656	44.0
58672	56.0
58684	39.0
58701	158.0
58706	16.0
58716	33.0
58732	154.0
58746	46.0
58761	49.0
58769	27.0
58779	34.0
58787	26.0
58797	34.0
58810	46.0
58817	21.0
58834	156.0
58849	50.0
58860	38.0
58866	21.0
58875	29.0
58892	159.0
58897	16.0
58914	155.0
58931	153.0
58947	156.0
58963	154.0
58971	27.0
58976	15.0
58988	45.0
58994	21.0
59011	158.0
59024	43.0
59036	44.0
59052	53.0
59058	22.0
59074	56.0
59084	33.0
59100	151.0
59114	46.0
59125	35.0
59130	17.0
59139	31.0
59149	33.0
59156	23.0
59171	50.0
59184	44.0
59197	45.0
59203	19.0
59219	156.0
59226	20.0
59239	46.0
59253	48.0
59270	158.0
59281	38.0
59298	58.0
59314	57.0
59319	16.0
59334	52.0
59343	29.0
59351	25.0
59356	17.0
59362	19.0
59374	43.0
59388	45.0
59405	158.0
59417	42.0
59424	22.0
59441	159.0
59447	19.0
59460	44.0
59466	22.0
59475	31.0
59492	158.0
59503	36.0
59519	153.0
59535	155.0
59552	158.0
59569	158.0
59584	51.0
59597	43.0
59612	53.0
59628	154.0
59638	32.0
59643	16.0
59651	26.0
59664	45.0
59678	50.0
59690	42.0
59698	26.0
59709	36.0
59724	50.0
59740	153.0
59753	41.0
59763	35.0
59780	157.0
59796	155.0
59813	158.0
59830	156.0
59836	20.0
59844	26.0
59852	27.0
59868	154.0
59877	31.0
59889	44.0
59894	17.0
59905	34.0
59910	16.0
59919	27.0
59925	19.0
59934	32.0
59940	20.0
59956	156.0
59972	56.0
59983	34.0
59990	26.0
60002	41.0
60007	17.0
60019	40.0
60031	40.0
60044	43.0
60061	157.0
60068	21.0
60079	40.0
60084	17.0
60090	21.0
60098	27.0
60106	25.0
60120	48.0
60133	45.0
60143	32.0
60151	29.0
60159	25.0
60166	26.0
60183	158.0
60190	24.0
60203	45.0
60216	44.0
60233	158.0
60243	34.0
60260	159.0
60277	155.0
60293	155.0
60308	56.0
60325	158.0
60337	45.0
60347	32.0
60358	36.0
60374	53.0
60388	50.0
60398	32.0
60415	58.0
60426	39.0
60431	16.0
60441	34.0
60457	157.0
60467	35.0
60474	23.0
60483	29.0
60499	155.0
60505	20.0
60522	58.0
60537	51.0
60551	47.0
60568	161.0
60577	35.0
60587	33.0
60605	61.0
60618	44.0
60629	39.0
60642	45.0
60652	32.0
60662	34.0
60669	22.0
60680	38.0
60693	45.0
60703	34.0
60718	50.0
60731	44.0
60736	16.0
60741	16.0
60758	158.0
60769	37.0
60774	18.0
60790	55.0
60807	158.0
60812	16.0
60823	37.0
60839	54.0
60844	15.0
60851	25.0
60867	55.0
60882	51.0
60887	16.0
60894	22.0
60908	47.0
60915	22.0
60932	59.0
60942	33.0
60947	18.0
60964	158.0
60976	39.0
60993	158.0
60998	19.0
61014	154.0
61023	32.0
61034	36.0
61048	46.0
61064	156.0
61081	156.0
61092	35.0
61109	159.0
61117	27.0
61132	51.0
61148	56.0
61161	43.0
61177	57.0
61194	159.0
61211	154.0
61216	16.0
61231	54.0
61244	45.0
61254	32.0
61270	157.0
61281	37.0
61287	20.0
61303	56.0
61313	33.0
61322	29.0
61331	30.0
61342	35.0
61353	40.0
61369	54.0
61377	27.0
61394	158.0
61411	154.0
61420	32.0
61425	16.0
61435	35.0
61452	158.0
61467	52.0
61483	55.0
61499	54.0
61504	16.0
61517	42.0
61530	45.0
61541	35.0
61552	38.0
61558	19.0
61564	23.0
61581	155.0
61595	50.0
61604	32.0
61609	16.0
61620	36.0
61627	24.0
61638	36.0
61647	31.0
61657	32.0
61666	31.0
61674	27.0
61687	44.0
61703	56.0
61719	56.0
61730	39.0
61738	28.0
61752	49.0
61758	21.0
61772	49.0
61780	27.0
61794	52.0
61807	44.0
61821	49.0
61833	41.0
61841	27.0
61854	48.0
61871	157.0
61878	22.0
61891	44.0
61903	42.0
61916	44.0
61933	159.0
61943	33.0
61954	37.0
61970	54.0
61986	54.0
61997	42.0
62003	20.0
62019	56.0
62028	28.0
62039	38.0
62044	17.0
62060	157.0
62070	33.0
62085	55.0
62090	17.0
62103	44.0
62114	36.0
62122	27.0
62138	157.0
62155	157.0
62164	30.0
62174	34.0
62181	24.0
62192	36.0
62200	27.0
62211	39.0
62219	23.0
62231	40.0
62248	59.0
62263	50.0
62280	159.0
62286	24.0
62300	45.0
62315	52.0
62330	51.0
62341	38.0
62349	26.0
62365	57.0
62382	158.0
62390	27.0
62400	34.0
62408	28.0
62418	34.0
62433	54.0
62445	43.0
62461	156.0
62477	152.0
62484	22.0
62494	33.0
62511	154.0
62519	27.0
62531	42.0
62544	47.0
62561	158.0
62578	157.0
62584	20.0
62600	53.0
62611	36.0
62617	21.0
62629	41.0
62646	160.0
62657	39.0
62674	59.0
62688	47.0
62701	44.0
62714	46.0
62729	50.0
62737	26.0
62748	37.0
62757	29.0
62766	29.0
62771	15.0
62785	48.0
62797	40.0
62807	40.0
62824	159.0
62838	47.0
62844	21.0
62852	26.0
62866	48.0
62875	30.0
62885	31.0
62894	30.0
62911	155.0
62925	46.0
62942	156.0
62950	26.0
62961	39.0
62971	36.0
62976	15.0
62986	35.0
62995	30.0
63000	18.0
63016	53.0
63031	52.0
63048	160.0
63060	40.0
63070	34.0
63084	45.0
63089	15.0
63103	47.0
63120	155.0
63131	40.0
63136	18.0
63147	35.0
63152	16.0
63159	20.0
63170	39.0
63177	23.0
63193	155.0
63206	42.0
63222	154.0
63229	21.0
63238	28.0
63255	59.0
63260	16.0
63276	53.0
63286	35.0
63292	20.0
63302	32.0
63318	152.0
63323	15.0
63339	57.0
63351	39.0
63360	27.0
63375	52.0
63386	37.0
63402	55.0
63417	50.0
63422	16.0
63437	51.0
63447	33.0
63453	21.0
63464	40.0
63473	33.0
63480	24.0
63489	29.0
63502	43.0
63516	50.0
63531	53.0
63539	29.0
63544	15.0
63549	16.0
63560	36.0
63567	22.0
63576	31.0
63586	34.0
63602	58.0
63616	48.0
63622	21.0
63632	33.0
63637	16.0
63648	40.0
63653	16.0
63669	56.0
63682	45.0
63690	24.0
63698	26.0
63715	160.0
63726	40.0
63740	48.0
63756	151.0
63764	27.0
63779	153.0
63789	34.0
63798	35.0
63810	39.0
63825	51.0
63830	16.0
63846	155.0
63854	29.0
63867	44.0
63881	49.0
63892	40.0
63908	156.0
63923	52.0
63935	38.0
63948	47.0
63962	46.0
63974	41.0
63990	53.0
64007	158.0
64014	21.0
64024	34.0
64038	45.0
64047	29.0
64059	41.0
64065	21.0
64081	156.0
64091	33.0
64100	33.0
64109	33.0
64114	16.0
64124	33.0
64132	25.0
64148	154.0
64164	155.0
64174	33.0
64187	46.0
64199	40.0
64204	17.0
64217	49.0
64223	20.0
64234	38.0
64239	17.0
64255	55.0
64271	54.0
64277	22.0
64292	54.0
64309	159.0
64316	22.0
64323	23.0
64340	158.0
64357	157.0
64374	157.0
64391	155.0
64407	157.0
64423	56.0
64431	27.0
64446	50.0
64453	22.0
64465	40.0
64481	54.0
64492	39.0
64503	36.0
64512	26.0
64527	52.0
64540	43.0
64549	32.0
64558	30.0
64564	20.0
64581	156.0
64598	58.0
64609	39.0
64623	49.0
64632	32.0
64648	53.0
64653	17.0
64664	39.0
64679	52.0
64689	34.0
64699	35.0
64710	38.0
64720	29.0
64736	53.0
64751	50.0
64759	26.0
64769	32.0
64785	57.0
64790	17.0
64797	21.0
64806	28.0
64822	55.0
64837	50.0
64848	40.0
64857	29.0
64862	18.0
64872	33.0
64881	30.0
64898	60.0
64907	27.0
64923	156.0
64933	34.0
64944	37.0
64952	28.0
64959	23.0
64976	155.0
64984	26.0
65000	58.0
65010	33.0
65023	46.0
65033	33.0
65042	30.0
65057	57.0
65072	51.0
65080	27.0
65088	27.0
65095	23.0
65109	48.0
65114	18.0
65125	35.0
65135	34.0
65150	49.0
65166	53.0
65175	30.0
65185	32.0
65201	158.0
65209	27.0
65225	56.0
65232	26.0
65242	32.0
65247	15.0
65259	39.0
65265	21.0
65282	157.0
65296	49.0
65304	28.0
65317	45.0
65331	46.0
65338	23.0
65346	25.0
65361	51.0
65370	29.0
65379	31.0
65387	27.0
65404	159.0
65412	26.0
65421	34.0
65436	50.0
65443	21.0
65456	45.0
65466	34.0
65471	17.0
65484	46.0
65501	159.0
65517	156.0
65527	35.0
65543	158.0
65552	30.0
65558	21.0
65571	44.0
65588	158.0
65601	46.0
65618	159.0
65629	37.0
65634	16.0
65642	28.0
65649	21.0
65659	34.0
65673	46.0
65689	52.0
65705	57.0
65718	45.0
65723	16.0
65730	24.0
65738	30.0
65743	17.0
65752	31.0
65769	158.0
65782	42.0
65791	33.0
65802	38.0
65807	17.0
65815	29.0
65828	43.0
65838	35.0
65855	57.0
65870	54.0
65887	158.0
65897	32.0
65904	23.0
65918	49.0
65930	41.0
65939	29.0
65955	55.0
65962	27.0
65968	21.0
65982	46.0
65991	30.0
66006	50.0
66015	30.0
66023	28.0
66033	36.0
66050	158.0
66068	160.0
66078	33.0
66085	20.0
66090	17.0
66106	54.0
66120	48.0
66132	39.0
66138	19.0
66154	53.0
66165	38.0
66173	26.0
66181	27.0
66193	42.0
66202	31.0
66216	49.0
66229	47.0
66238	31.0
66251	42.0
66264	42.0
66276	41.0
66291	50.0
66303	40.0
66320	157.0
66329	31.0
66342	48.0
66359	158.0
66371	38.0
66386	50.0
66391	16.0
66404	41.0
66421	158.0
66431	33.0
66438	22.0
66447	30.0
66458	35.0
66475	157.0
66485	34.0
66493	27.0
66505	42.0
66513	27.0
66521	28.0
66529	28.0
66538	31.0
66555	156.0
66572	157.0
66584	42.0
66595	35.0
66612	161.0
66630	158.0
66644	49.0
66651	20.0
66664	45.0
66681	57.0
66690	32.0
66699	32.0
66709	34.0
66727	159.0
66744	157.0
66757	44.0
66773	155.0
66787	47.0
66800	43.0
66812	39.0
66823	38.0
66838	52.0
66854	54.0
66868	47.0
66881	46.0
66898	157.0
66910	41.0
66927	159.0
66935	26.0
66940	16.0
66950	33.0
66961	37.0
66976	50.0
66981	16.0
66996	50.0
67011	57.0
67028	160.0
67045	158.0
67061	55.0
67072	40.0
67089	157.0
67101	41.0
67118	156.0
67126	26.0
67136	35.0
67143	22.0
67153	33.0
67170	63.0
67176	20.0
67192	158.0
67202	34.0
67217	51.0
67233	55.0
67249	54.0
67257	27.0
67272	51.0
67281	31.0
67294	46.0
67308	48.0
67325	161.0
67341	54.0
67358	157.0
67367	29.0
67378	36.0
67386	27.0
67403	159.0
67411	26.0
67418	24.0
67435	60.0
67444	31.0
67460	57.0
67465	16.0
67475	32.0
67484	29.0
67497	46.0
67512	49.0
67529	56.0
67546	156.0
67563	56.0
67575	40.0
67587	41.0
67600	44.0
67612	41.0
67628	55.0
67645	157.0
67661	56.0
67669	25.0
67680	36.0
67692	41.0
67708	54.0
67720	40.0
67737	158.0
67754	156.0
67768	48.0
67780	42.0
67796	156.0
67806	38.0
67813	22.0
67826	44.0
67836	35.0
67850	50.0
67864	47.0
67875	37.0
67883	28.0
67891	27.0
67900	30.0
67908	25.0
67920	43.0
67935	51.0
67952	60.0
67966	47.0
67973	22.0
67988	53.0
67998	35.0
68005	22.0
68021	54.0
68034	46.0
68049	49.0
68066	162.0
68078	42.0
68089	36.0
68106	158.0
68120	49.0
68129	31.0
68135	19.0
68144	30.0
68161	158.0
68170	32.0
68182	41.0
68197	52.0
68202	17.0
68219	59.0
68236	157.0
68251	52.0
68265	49.0
68278	46.0
68291	43.0
68305	47.0
68319	48.0
68328	30.0
68335	22.0
68352	157.0
68361	32.0
68371	33.0
68385	49.0
68402	160.0
68419	159.0
68436	154.0
68447	38.0
68463	153.0
68473	34.0
68490	59.0
68498	28.0
68515	155.0
68525	34.0
68538	45.0
68544	20.0
68553	30.0
68565	42.0
68582	157.0
68591	28.0
68607	157.0
68624	158.0
68641	157.0
68647	22.0
68664	156.0
68675	40.0
68691	55.0
68706	51.0
68723	159.0
68736	43.0
68745	32.0
68753	25.0
68764	37.0
68779	52.0
68786	24.0
68801	53.0
68817	156.0
68832	53.0
68845	44.0
68860	52.0
68868	26.0
68884	58.0
68901	157.0
68917	153.0
68927	33.0
68936	28.0
68945	30.0
68961	154.0
68977	156.0
68990	43.0
69004	44.0
69016	41.0
69025	29.0
69036	38.0
69044	26.0
69055	39.0
69066	38.0
69083	159.0
69096	43.0
69105	31.0
69113	26.0
69125	39.0
69133	26.0
69149	157.0
69155	22.0
69172	157.0
69187	52.0
69202	50.0
69219	159.0
69224	17.0
69240	54.0
69252	41.0
69262	33.0
69273	37.0
69290	154.0
69307	57.0
69317	32.0
69328	37.0
69345	159.0
69350	16.0
69360	35.0
69374	49.0
69383	32.0
69400	157.0
69415	51.0
69432	154.0
69448	156.0
69460	40.0
69477	156.0
69484	23.0
69490	23.0
69506	54.0
69521	53.0
69530	30.0
69542	42.0
69554	44.0
69562	25.0
69578	152.0
69595	56.0
69608	43.0
69618	37.0
69629	37.0
69646	156.0
69659	45.0
69675	155.0
69684	29.0
69693	29.0
69705	38.0
69718	43.0
69731	42.0
69746	50.0
69762	156.0
69770	27.0
69786	156.0
69803	157.0
69811	27.0
69827	58.0
69833	20.0
69848	50.0
69856	27.0
69864	28.0
69878	48.0
69885	27.0
69900	52.0
69915	53.0
69928	45.0
69939	38.0
69954	51.0
69971	155.0
69985	45.0
69998	44.0
70010	42.0
70017	21.0
70033	155.0
70040	22.0
70057	158.0
70073	55.0
70090	155.0
70104	47.0
70118	48.0
70129	37.0
70140	37.0
70149	30.0
70162	45.0
70177	50.0
70193	54.0
70203	34.0
70215	41.0
70231	55.0
70246	49.0
70263	157.0
70280	158.0
70290	35.0
70304	49.0
70320	53.0
70337	158.0
70350	47.0
70358	27.0
70364	19.0
70380	57.0
70391	37.0
70408	157.0
70425	60.0
70438	43.0
70453	53.0
70470	156.0
70479	29.0
70494	50.0
70511	155.0
70520	31.0
70529	29.0
70544	51.0
70560	156.0
70566	20.0
70577	37.0
70593	155.0
70601	28.0
70614	44.0
70632	161.0
70649	155.0
70665	54.0
70682	157.0
70691	32.0
70703	43.0
70718	53.0
70725	27.0
70731	20.0
70748	157.0
70765	157.0
70774	29.0
70790	58.0
70797	22.0
70810	46.0
70824	48.0
70835	36.0
70852	158.0
70858	23.0
70866	26.0
70883	158.0
70888	15.0
70905	59.0
70913	26.0
70930	157.0
70946	53.0
70960	47.0
70977	160.0
70993	54.0
71010	58.0
71027	156.0
71038	36.0
71050	42.0
71066	55.0
71082	155.0
71090	29.0
71106	56.0
71116	32.0
71131	51.0
71141	34.0
71150	32.0
71163	45.0
71177	49.0
71186	30.0
71192	20.0
71197	15.0
71212	52.0
71217	16.0
71232	52.0
71243	40.0
71253	34.0
71266	42.0
71279	42.0
71292	42.0
71302	33.0
71314	39.0
71328	50.0
71344	156.0
71352	26.0
71365	45.0
71381	57.0
71395	47.0
71409	49.0
71419	36.0
71424	18.0
71429	15.0
71446	158.0
71452	21.0
71462	32.0
71478	155.0
71488	34.0
71493	17.0
71502	32.0
71514	42.0
71523	30.0
71535	42.0
71551	58.0
71567	53.0
71583	55.0
71598	51.0
71614	58.0
71628	49.0
71644	55.0
71652	25.0
71661	32.0
71673	42.0
71690	60.0
71697	23.0
71712	51.0
71721	30.0
71731	35.0
71746	52.0
71752	19.0
71757	17.0
71764	24.0
71780	153.0
71791	35.0
71805	45.0
71821	154.0
71828	22.0
71835	24.0
71852	158.0
71869	58.0
71885	56.0
71894	31.0
71901	22.0
71909	24.0
71916	22.0
71933	57.0
71948	49.0
71965	156.0
71971	22.0
71981	34.0
71991	34.0
71999	28.0
72015	156.0
72027	43.0
72032	16.0
72049	156.0
72058	29.0
72066	28.0
72083	157.0
72095	43.0
72108	45.0
72122	49.0
72135	44.0
72151	58.0
72165	48.0
72174	32.0
72187	43.0
72199	39.0
72214	52.0
72231	158.0
72246	50.0
72254	26.0
72270	56.0
72280	32.0
72293	44.0
72303	34.0
72319	53.0
72330	39.0
72346	156.0
72363	157.0
72369	21.0
72378	30.0
72386	27.0
72391	16.0
72408	156.0
72422	47.0
72438	57.0
72456	159.0
72473	157.0
72483	34.0
72496	44.0
72505	31.0
72519	50.0
72527	27.0
72541	45.0
72557	57.0
72571	48.0
72588	160.0
72598	33.0
72603	15.0
72614	37.0
72624	34.0
72635	36.0
72653	161.0
72669	57.0
72679	31.0
72693	46.0
72710	158.0
72725	51.0
72742	158.0
72751	31.0
72768	160.0
72784	155.0
72798	47.0
72809	39.0
72822	43.0
72838	155.0
72847	32.0
72853	20.0
72870	156.0
72888	160.0
72905	154.0
72918	42.0
72927	32.0
72944	159.0
72953	32.0
72970	157.0
72976	21.0
72993	156.0
73009	155.0
73018	31.0
73033	50.0
73048	51.0
73064	154.0
73080	55.0
73097	157.0
73105	26.0
73122	159.0
73136	47.0
73153	158.0
73158	15.0
73169	37.0
73174	15.0
73191	156.0
73199	26.0
73213	46.0
73221	27.0
73226	18.0
73243	160.0
73251	28.0
73264	45.0
73273	29.0
73286	44.0
73296	35.0
73313	158.0
73325	42.0
73330	16.0
73335	16.0
73350	53.0
73363	42.0
73379	53.0
73384	17.0
73393	31.0
73403	33.0
73420	58.0
73433	43.0
73447	46.0
73453	19.0
73463	34.0
73473	36.0
73481	26.0
73489	26.0
73494	16.0
73502	30.0
73516	47.0
73528	39.0
73537	27.0
73548	36.0
73557	30.0
73572	52.0
73581	33.0
73595	48.0
73606	35.0
73615	32.0
73626	37.0
73640	45.0
73646	19.0
73653	22.0
73661	29.0
73678	154.0
73693	54.0
73707	46.0
73717	33.0
73725	28.0
73737	41.0
73745	29.0
73762	156.0
73767	16.0
73783	155.0
73790	24.0
73807	156.0
73813	23.0
73829	55.0
73836	26.0
73844	31.0
73861	159.0
73874	46.0
73881	24.0
73896	51.0
73901	16.0
73908	22.0
73924	56.0
73935	36.0
73943	30.0
73948	16.0
73961	45.0
73974	44.0
73984	36.0
73995	37.0
74011	57.0
74021	34.0
74029	28.0
74043	46.0
74060	158.0
74065	19.0
74076	38.0
74087	37.0
74094	21.0
74111	157.0
74124	47.0
74139	51.0
74156	159.0
74172	158.0
74182	34.0
74192	35.0
74201	28.0
74216	54.0
74232	154.0
74243	37.0
74250	23.0
74260	34.0
74267	22.0
74280	42.0
74297	157.0
74308	35.0
74321	44.0
74337	154.0
74347	34.0
74355	29.0
74360	17.0
74369	30.0
74380	37.0
74397	159.0
74412	52.0
74424	40.0
74440	53.0
74450	34.0
74463	46.0
74474	39.0
74487	46.0
74495	27.0
74504	31.0
74509	18.0
74519	34.0
74530	38.0
74542	41.0
74552	34.0
74569	160.0
74576	23.0
74585	31.0
74595	34.0
74601	20.0
74613	41.0
74630	160.0
74644	48.0
74658	45.0
74666	26.0
74680	49.0
74695	51.0
74705	34.0
74713	25.0
74726	44.0
74739	44.0
74747	27.0
74758	37.0
74764	23.0
74781	157.0
74790	31.0
74800	34.0
74808	25.0
74813	16.0
74829	154.0
74843	49.0
74852	28.0
74863	36.0
74874	36.0
74884	34.0
74894	34.0
74905	35.0
74914	29.0
74922	27.0
74934	43.0
74945	37.0
74951	22.0
74961	33.0
74977	157.0
74987	37.0
75001	45.0
75014	46.0
75030	155.0
75036	19.0
75053	157.0
75063	34.0
75079	156.0
75092	43.0
75107	49.0
75116	30.0
75124	30.0
75140	53.0
75149	31.0
75164	51.0
75179	50.0
75189	34.0
75200	36.0
75209	29.0
75226	159.0
75242	154.0
75256	51.0
75265	27.0
75279	46.0
75292	41.0
75301	31.0
75317	154.0
75334	156.0
75343	29.0
75351	28.0
75359	30.0
75367	28.0
75377	37.0
75389	41.0
75395	19.0
75409	52.0
75422	45.0
75432	34.0
75444	40.0
75458	49.0
75474	156.0
75481	23.0
75491	35.0
75504	43.0
75521	159.0
75527	19.0
75533	20.0
75550	159.0
75566	154.0
75576	34.0
75584	27.0
75601	158.0
75612	37.0
75628	154.0
75644	56.0
75655	39.0
75671	153.0
75687	151.0
75705	161.0
75721	58.0
75736	48.0
75753	156.0
75767	49.0
75784	156.0
75799	52.0
75808	31.0
75821	44.0
75837	54.0
75845	26.0
75862	155.0
75878	56.0
75894	154.0
75908	46.0
75916	27.0
75925	31.0
75937	38.0
75946	30.0
75954	24.0
75970	58.0
75980	34.0
75990	34.0
76003	45.0
76020	157.0
76028	26.0
76040	43.0
76056	157.0
76065	31.0
76082	158.0
76097	53.0
76107	37.0
76122	52.0
76134	42.0
76148	48.0
76160	43.0
76171	36.0
76188	159.0
76204	154.0
76217	45.0
76230	44.0
76237	23.0
76254	159.0
76266	40.0
76283	157.0
76288	17.0
76303	158.0
76311	27.0
76320	30.0
76327	24.0
76334	23.0
76351	154.0
76362	39.0
76377	50.0
76394	58.0
76411	159.0
76421	33.0
76431	35.0
76446	151.0
76462	55.0
76470	26.0
76487	160.0
76502	57.0
76512	33.0
76519	22.0
76527	29.0
76542	51.0
76558	57.0
76568	32.0
76577	31.0
76594	157.0
76611	156.0
76627	57.0
76638	40.0
76653	51.0
76665	42.0
76674	29.0
76688	46.0
76702	50.0
76711	32.0
76722	36.0
76730	26.0
76742	41.0
76750	26.0
76761	39.0
76769	27.0
76785	55.0
76795	33.0
76803	25.0
76813	34.0
76818	18.0
76830	40.0
76846	56.0
76855	30.0
76871	56.0
76878	22.0
76892	47.0
76902	32.0
76913	36.0
76926	44.0
76943	158.0
76949	22.0
76965	155.0
76974	33.0
76984	33.0
76994	34.0
77003	29.0
77020	158.0
77032	41.0
77041	28.0
77057	55.0
77073	154.0
77090	160.0
77104	48.0
77111	24.0
77124	44.0
77141	158.0
77152	40.0
77160	26.0
77168	28.0
77178	33.0
77190	45.0
77204	48.0
77221	159.0
77238	157.0
77246	27.0
77256	33.0
77264	28.0
77280	56.0
77286	21.0
77301	52.0
77318	156.0
77335	157.0
77347	44.0
77361	45.0
77366	17.0
77379	44.0
77397	159.0
77414	159.0
77427	45.0
77433	20.0
77449	157.0
77456	23.0
77465	29.0
77476	37.0
77490	47.0
77507	56.0
77513	20.0
77522	32.0
77538	157.0
77548	35.0
77558	35.0
77568	32.0
77582	49.0
77594	40.0
77603	30.0
77620	158.0
77625	17.0
77641	160.0
77652	36.0
77663	37.0
77674	38.0
77683	33.0
77700	159.0
77708	27.0
77718	32.0
77731	44.0
77738	25.0
77754	55.0
77768	47.0
77774	21.0
77788	50.0
77804	155.0
77812	27.0
77829	157.0
77845	56.0
77862	157.0
77877	156.0
77886	28.0
77894	25.0
77911	157.0
77925	48.0
77941	156.0
77958	156.0
77966	25.0
77971	17.0
77985	47.0
77999	47.0
78007	29.0
78016	29.0
78028	41.0
78044	156.0
78060	53.0
78077	60.0
78091	48.0
78107	51.0
78113	17.0
78130	155.0
78140	33.0
78150	33.0
78166	55.0
78179	45.0
78195	155.0
78202	24.0
78213	37.0
78230	157.0
78242	41.0
78249	23.0
78259	34.0
78276	159.0
78289	44.0
78301	41.0
78313	41.0
78319	18.0
78330	36.0
78340	36.0
78351	38.0
78363	41.0
78380	160.0
78391	38.0
78407	55.0
78416	30.0
78433	57.0
78450	58.0
78465	54.0
78474	30.0
78490	52.0
78502	43.0
78517	52.0
78524	25.0
78532	26.0
78541	33.0
78550	31.0
78565	53.0
78573	30.0
78590	158.0
78604	50.0
78615	37.0
78625	32.0
78631	23.0
78640	28.0
78657	160.0
78670	43.0
78686	158.0
78699	45.0
78708	30.0
78724	54.0
78735	35.0
78747	38.0
78755	27.0
78762	22.0
78771	30.0
78787	53.0
78805	163.0
78820	50.0
78831	39.0
78836	17.0
78854	162.0
78866	38.0
78879	44.0
78895	157.0
78907	39.0
78918	37.0
78935	160.0
78947	39.0
78962	52.0
78970	28.0
78985	51.0
78991	20.0
79002	37.0
79013	37.0
79029	54.0
79045	156.0
79058	45.0
79071	45.0
79088	57.0
79095	22.0
79112	158.0
79124	40.0
79131	23.0
79143	43.0
79160	160.0
79170	32.0
79176	19.0
79187	38.0
79204	157.0
79222	160.0
79239	158.0
79248	31.0
79265	157.0
79278	44.0
79295	158.0
79305	33.0
79316	39.0
79333	156.0
79344	36.0
79357	45.0
79364	25.0
79377	44.0
79394	159.0
79411	59.0
79424	47.0
79438	47.0
79447	32.0
79465	161.0
79480	52.0
79487	25.0
79503	154.0
79514	37.0
79531	60.0
79549	61.0
79559	34.0
79576	157.0
79594	163.0
79605	38.0
79619	45.0
79630	38.0
79647	58.0
79652	14.0
79664	41.0
79678	47.0
79687	31.0
79700	48.0
79716	53.0
79723	23.0
79729	18.0
79744	49.0
79751	23.0
79768	161.0
79777	29.0
79787	33.0
79798	39.0
79816	160.0
79827	41.0
79836	28.0
79849	46.0
79860	36.0
79872	38.0
79882	34.0
79899	163.0
79916	157.0
79928	40.0
79940	39.0
79955	49.0
79968	46.0
79985	62.0
79997	41.0
80012	49.0
80027	51.0
80040	45.0
80053	46.0
80068	49.0
80078	34.0
80089	35.0
80103	47.0
80120	59.0
80130	39.0
80144	48.0
80153	34.0
80167	45.0
80180	44.0
80197	157.0
80213	57.0
80228	53.0
80243	53.0
80249	19.0
80256	26.0
80274	160.0
80286	39.0
80294	29.0
80309	53.0
80323	51.0
80334	38.0
80352	162.0
80368	53.0
80385	57.0
80398	44.0
80405	24.0
80417	41.0
80427	36.0
80439	37.0
80448	29.0
80458	32.0
80469	39.0
80476	23.0
80487	38.0
80503	56.0
80508	20.0
80522	49.0
80533	37.0
80551	162.0
80561	35.0
80578	156.0
80593	50.0
80604	37.0
80616	39.0
80634	157.0
80644	36.0
80654	32.0
80671	157.0
80681	34.0
80689	27.0
80706	157.0
80724	161.0
80741	57.0
80746	18.0
80763	154.0
80775	41.0
80783	30.0
80790	23.0
80808	62.0
80825	62.0
80843	160.0
80856	46.0
80874	162.0
80892	160.0
80902	35.0
80914	41.0
80929	50.0
80944	50.0
80952	29.0
80969	157.0
80975	18.0
80988	46.0
80997	29.0
81005	28.0
81016	37.0
81025	32.0
81034	31.0
81049	52.0
81060	37.0
81067	22.0
81070	27.0
81084	48.0
81100	55.0
81116	54.0
81129	44.0
81134	18.0
81142	26.0
81150	25.0
81161	40.0
81178	57.0
81195	159.0
81208	45.0
81219	38.0
81226	25.0
81235	30.0
81243	24.0
81259	56.0
81275	52.0
81291	51.0
81308	160.0
81323	51.0
81334	38.0
81352	160.0
81368	59.0
81380	42.0
81398	158.0
81407	32.0
81414	24.0
81427	43.0
81433	18.0
81439	21.0
81451	40.0
81468	159.0
81481	42.0
81499	161.0
81511	45.0
81528	157.0
81537	31.0
81545	24.0
81563	161.0
81579	157.0
81596	57.0
81605	32.0
81617	43.0
81627	34.0
81634	23.0
81646	40.0
81652	18.0
81659	24.0
81669	35.0
81678	30.0
81693	49.0
81709	157.0
81727	161.0
81733	19.0
81743	33.0
81750	26.0
81768	160.0
81782	49.0
81796	48.0
81803	22.0
81817	51.0
81824	23.0
81841	160.0
81856	55.0
81873	157.0
81890	157.0
81900	33.0
81907	24.0
81914	22.0
81923	30.0
81930	25.0
81935	17.0
81944	29.0
81960	157.0
81970	33.0
81987	156.0
81999	41.0
82015	53.0
82022	25.0
82035	46.0
82042	23.0
82049	23.0
82063	49.0
82079	54.0
82095	59.0
82109	49.0
82126	158.0
82132	21.0
82145	44.0
82152	21.0
82163	35.0
82180	158.0
82194	49.0
82211	157.0
82228	157.0
82244	59.0
82260	54.0
82269	30.0
82277	27.0
82286	31.0
82298	43.0
82314	57.0
82331	59.0
82342	37.0
82359	158.0
82367	28.0
82378	38.0
82395	157.0
82404	30.0
82417	46.0
82432	50.0
82441	33.0
82457	54.0
82465	27.0
82482	56.0
82494	43.0
82502	28.0
82512	34.0
82522	33.0
82539	159.0
82548	28.0
82557	31.0
82565	26.0
82577	42.0
82586	31.0
82602	154.0
82618	57.0
82634	155.0
82649	50.0
82660	39.0
82672	39.0
82682	33.0
82695	45.0
82708	44.0
82724	156.0
82737	44.0
82748	41.0
82756	26.0
82771	53.0
82781	33.0
82798	156.0
82815	156.0
82831	156.0
82845	44.0
82860	51.0
82871	38.0
82888	159.0
82897	30.0
82903	21.0
82914	39.0
82930	53.0
82935	16.0
82942	20.0
82958	154.0
82971	43.0
82987	56.0
83004	159.0
83021	58.0
83031	33.0
83048	159.0
83058	35.0
83069	38.0
83078	30.0
83092	49.0
83105	44.0
83111	21.0
83122	37.0
83135	44.0
83153	162.0
83170	59.0
83181	39.0
83188	23.0
83204	155.0
83212	26.0
83222	37.0
83238	159.0
83245	23.0
83260	51.0
83270	36.0
83279	27.0
83297	159.0
83308	37.0
83324	53.0
83335	36.0
83347	44.0
83364	60.0
83377	47.0
83394	59.0
83405	35.0
83419	49.0
83428	30.0
83439	38.0
83449	32.0
83466	162.0
83478	40.0
83495	60.0
83507	41.0
83516	28.0
83527	37.0
83544	158.0
83552	25.0
83568	58.0
83579	37.0
83589	32.0
83605	56.0
83618	43.0
83628	35.0
83634	19.0
83652	159.0
83668	54.0
83673	17.0
83689	55.0
83701	38.0
83712	38.0
83722	34.0
83730	28.0
83740	34.0
83757	161.0
83769	40.0
83775	19.0
83790	51.0
83807	158.0
83819	39.0
83830	37.0
83841	39.0
83854	46.0
83871	156.0
83888	158.0
83905	157.0
83923	163.0
83940	58.0
83950	34.0
83961	37.0
83978	157.0
83987	31.0
84001	49.0
84014	45.0
84021	23.0
84036	50.0
84045	30.0
84056	36.0
84069	46.0
84085	159.0
84095	35.0
84110	50.0
84120	35.0
84129	31.0
84140	37.0
84149	29.0
84166	160.0
84175	30.0
84189	48.0
84200	36.0
84210	36.0
84215	17.0
84221	21.0
84233	41.0
84250	60.0
84268	160.0
84285	158.0
84302	158.0
84317	53.0
84326	29.0
84340	47.0
84355	52.0
84371	55.0
84382	36.0
84394	40.0
84403	33.0
84420	157.0
84436	53.0
84444	26.0
84449	16.0
84463	44.0
84480	55.0
84496	153.0
84512	157.0
84521	30.0
84532	38.0
84548	56.0
84557	30.0
84574	61.0
84582	27.0
84595	44.0
84608	40.0
84624	58.0
84631	22.0
84640	29.0
84650	35.0
84667	157.0
84683	52.0
84700	157.0
84707	25.0
84724	157.0
84733	32.0
84748	153.0
84761	45.0
84779	161.0
84789	34.0
84806	159.0
84823	160.0
84840	59.0
84847	24.0
84857	34.0
84866	30.0
84883	158.0
84892	31.0
84897	16.0
84914	157.0
84931	159.0
84938	24.0
84945	22.0
84958	43.0
84967	31.0
84974	24.0
84991	161.0
85007	54.0
85024	59.0
85039	51.0
85054	49.0
85065	37.0
85079	46.0
85093	48.0
85104	38.0
85117	47.0
85132	53.0
85146	49.0
85163	60.0
85173	32.0
85190	160.0
85207	162.0
85224	158.0
85242	160.0
85258	54.0
85276	161.0
85293	60.0
85305	39.0
85320	52.0
85330	38.0
85345	51.0
85354	34.0
85365	39.0
85379	48.0
85388	29.0
85399	34.0
85409	33.0
85426	157.0
85443	156.0
85460	160.0
85477	156.0
85485	29.0
85500	51.0
85517	157.0
85529	40.0
85542	46.0
85557	51.0
85575	163.0
85592	61.0
85603	36.0
85616	48.0
85629	41.0
85637	28.0
85654	159.0
85671	157.0
85684	42.0
85693	32.0
85701	27.0
85709	27.0
85721	42.0
85737	56.0
85748	37.0
85757	29.0
85770	44.0
85779	31.0
85791	41.0
85797	21.0
85813	56.0
85826	42.0
85844	160.0
85856	41.0
85869	46.0
85887	162.0
85897	32.0
85907	34.0
85918	38.0
85935	162.0
85949	46.0
85962	42.0
85974	40.0
85981	25.0
85988	22.0
85998	37.0
86012	47.0
86023	38.0
86040	157.0
86047	24.0
86055	26.0
86073	160.0
86090	158.0
86106	157.0
86116	31.0
86125	33.0
86139	48.0
86149	34.0
86162	45.0
86174	40.0
86180	20.0
86188	28.0
86205	158.0
86221	56.0
86238	159.0
86251	43.0
86267	162.0
86283	157.0
86294	36.0
86302	29.0
86310	27.0
86318	28.0
86329	42.0
86346	156.0
86359	45.0
86370	37.0
86378	32.0
86385	23.0
86400	51.0
86411	37.0
86417	21.0
86434	157.0
86449	56.0
86462	44.0
86474	41.0
86488	44.0
86500	40.0
86517	157.0
86522	16.0
86538	155.0
86555	159.0
86571	56.0
86577	21.0
86584	23.0
86592	27.0
86599	22.0
86616	59.0
86628	43.0
86638	35.0
86654	154.0
86664	35.0
86680	56.0
86692	45.0
86709	159.0
86720	39.0
86725	17.0
86734	31.0
86739	18.0
86752	51.0
86768	54.0
86777	30.0
86794	157.0
86800	19.0
86816	158.0
86834	158.0
86851	159.0
86863	42.0
86875	40.0
86891	157.0
86906	53.0
86915	30.0
86922	21.0
86931	31.0
86945	46.0
86962	159.0
86979	60.0
86996	157.0
87013	154.0
87024	36.0
87039	53.0
87045	20.0
87056	36.0
87065	31.0
87079	49.0
87090	41.0
87107	157.0
87116	31.0
87124	27.0
87131	23.0
87148	158.0
87164	159.0
87176	39.0
87188	43.0
87193	19.0
87203	34.0
87218	153.0
87226	28.0
87243	156.0
87260	157.0
87276	55.0
87282	18.0
87299	158.0
87311	38.0
87322	35.0
87332	36.0
87343	35.0
87360	159.0
87366	19.0
87381	57.0
87398	159.0
87408	37.0
87423	53.0
87428	17.0
87437	32.0
87454	159.0
87470	154.0
87486	155.0
87499	46.0
87508	30.0
87519	39.0
87531	39.0
87548	62.0
87565	161.0
87578	47.0
87588	32.0
87604	155.0
87617	46.0
87627	34.0
87643	55.0
