0	0
1	22.0
2	15.0
3	45.0
4	17.0
5	24.0
6	27.0
7	34.0
8	46.0
9	35.0
10	33.0
11	44.0
12	15.0
13	16.0
14	43.0
15	24.0
16	25.0
17	31.0
18	16.0
19	26.0
20	30.0
21	38.0
22	37.0
23	17.0
24	22.0
25	28.0
26	16.0
27	17.0
28	38.0
29	15.0
30	32.0
31	16.0
32	38.0
33	24.0
34	21.0
35	21.0
36	34.0
37	17.0
38	47.0
39	18.0
40	17.0
41	23.0
42	32.0
43	25.0
44	44.0
45	20.0
46	18.0
47	34.0
48	16.0
49	22.0
50	35.0
51	29.0
52	32.0
53	20.0
54	20.0
55	54.0
56	17.0
57	31.0
58	20.0
59	154.0
60	27.0
61	18.0
62	155.0
63	19.0
64	29.0
65	21.0
66	45.0
67	22.0
68	25.0
69	35.0
70	54.0
71	27.0
72	26.0
73	16.0
74	41.0
75	16.0
76	25.0
77	42.0
78	20.0
79	50.0
80	16.0
81	26.0
82	33.0
83	20.0
84	34.0
85	20.0
86	21.0
87	21.0
88	26.0
89	17.0
90	14.0
91	28.0
92	47.0
93	31.0
94	34.0
95	25.0
96	39.0
97	39.0
98	14.0
99	39.0
100	21.0
101	16.0
102	27.0
103	54.0
104	48.0
105	25.0
106	51.0
107	22.0
108	16.0
109	19.0
110	41.0
111	159.0
112	43.0
113	29.0
114	31.0
115	41.0
116	39.0
117	29.0
118	30.0
119	157.0
120	16.0
121	16.0
122	46.0
123	22.0
124	25.0
125	19.0
126	36.0
127	21.0
128	26.0
129	28.0
130	17.0
131	47.0
132	17.0
133	22.0
134	18.0
135	19.0
136	27.0
137	156.0
138	17.0
139	30.0
140	31.0
141	55.0
142	48.0
143	48.0
144	23.0
145	27.0
146	21.0
147	43.0
148	152.0
149	22.0
150	16.0
151	33.0
152	30.0
153	17.0
154	48.0
155	27.0
156	27.0
157	28.0
158	46.0
159	40.0
160	17.0
161	17.0
162	53.0
163	22.0
164	34.0
165	51.0
166	55.0
167	26.0
168	20.0
169	54.0
170	38.0
171	37.0
172	52.0
173	49.0
174	17.0
175	42.0
176	33.0
177	15.0
178	20.0
179	19.0
180	154.0
181	57.0
182	30.0
183	31.0
184	156.0
185	23.0
186	31.0
187	21.0
188	41.0
189	38.0
190	157.0
191	26.0
192	17.0
193	22.0
194	22.0
195	54.0
196	46.0
197	34.0
198	37.0
199	25.0
200	50.0
201	46.0
202	16.0
203	23.0
204	27.0
205	16.0
206	34.0
207	18.0
208	33.0
209	26.0
210	18.0
211	33.0
212	18.0
213	27.0
214	21.0
215	16.0
216	16.0
217	28.0
218	50.0
219	17.0
220	39.0
221	29.0
222	37.0
223	23.0
224	42.0
225	40.0
226	17.0
227	45.0
228	27.0
229	25.0
230	16.0
231	47.0
232	41.0
233	39.0
234	20.0
235	22.0
236	35.0
237	16.0
238	43.0
239	17.0
240	31.0
241	30.0
242	26.0
243	38.0
244	36.0
245	50.0
246	23.0
247	21.0
248	27.0
249	42.0
250	14.0
251	38.0
252	39.0
253	158.0
254	22.0
255	17.0
256	19.0
257	18.0
258	16.0
259	17.0
260	31.0
261	48.0
262	30.0
263	20.0
264	37.0
265	22.0
266	41.0
267	154.0
268	54.0
269	48.0
270	49.0
271	153.0
272	41.0
273	52.0
274	24.0
275	27.0
276	17.0
277	30.0
278	30.0
279	22.0
280	57.0
281	18.0
282	26.0
283	33.0
284	41.0
285	40.0
286	21.0
287	16.0
288	32.0
289	39.0
290	30.0
291	57.0
292	50.0
293	33.0
294	19.0
295	14.0
296	51.0
297	15.0
298	45.0
299	55.0
300	32.0
301	37.0
302	32.0
303	31.0
304	31.0
305	156.0
306	21.0
307	28.0
308	51.0
309	21.0
310	30.0
311	34.0
312	15.0
313	23.0
314	30.0
315	30.0
316	37.0
317	53.0
318	16.0
319	31.0
320	22.0
321	36.0
322	50.0
323	16.0
324	25.0
325	31.0
326	27.0
327	20.0
328	154.0
329	42.0
330	42.0
331	18.0
332	19.0
333	28.0
334	46.0
335	40.0
336	51.0
337	30.0
338	26.0
339	46.0
340	40.0
341	54.0
342	16.0
343	155.0
344	47.0
345	30.0
346	35.0
347	19.0
348	46.0
349	22.0
350	26.0
351	32.0
352	52.0
353	46.0
354	50.0
355	34.0
356	23.0
357	56.0
358	43.0
359	53.0
360	45.0
361	43.0
362	44.0
363	49.0
364	35.0
365	55.0
366	21.0
367	42.0
368	17.0
369	55.0
370	16.0
371	16.0
372	20.0
373	16.0
374	36.0
375	24.0
376	27.0
377	26.0
378	32.0
379	22.0
380	23.0
381	155.0
382	23.0
383	24.0
384	59.0
385	49.0
386	153.0
387	27.0
388	35.0
389	43.0
390	39.0
391	20.0
392	43.0
393	37.0
394	32.0
395	19.0
396	17.0
397	39.0
398	32.0
399	21.0
400	52.0
401	26.0
402	36.0
403	31.0
404	31.0
405	55.0
406	42.0
407	27.0
408	34.0
409	36.0
410	17.0
411	16.0
412	46.0
413	47.0
414	27.0
415	57.0
416	156.0
417	34.0
418	28.0
419	27.0
420	21.0
421	24.0
422	16.0
423	21.0
424	46.0
425	26.0
426	26.0
427	29.0
428	34.0
429	29.0
430	21.0
431	16.0
432	29.0
433	22.0
434	39.0
435	30.0
436	19.0
437	38.0
438	27.0
439	16.0
440	49.0
441	25.0
442	21.0
443	57.0
444	36.0
445	18.0
446	32.0
447	38.0
448	39.0
449	23.0
450	30.0
451	46.0
452	18.0
453	61.0
454	42.0
455	46.0
456	23.0
457	58.0
458	21.0
459	48.0
460	160.0
461	22.0
462	39.0
463	56.0
464	19.0
465	41.0
466	33.0
467	34.0
468	31.0
469	46.0
470	16.0
471	40.0
472	17.0
473	32.0
474	24.0
475	160.0
476	30.0
477	21.0
478	47.0
479	29.0
480	47.0
481	33.0
482	31.0
483	45.0
484	28.0
485	19.0
486	33.0
487	26.0
488	29.0
489	26.0
490	43.0
491	34.0
492	16.0
493	31.0
494	40.0
495	44.0
496	37.0
497	48.0
498	31.0
499	36.0
500	19.0
501	23.0
502	43.0
503	22.0
504	35.0
505	19.0
506	33.0
507	20.0
508	18.0
509	16.0
510	28.0
511	16.0
512	30.0
513	19.0
514	21.0
515	45.0
516	34.0
517	53.0
518	46.0
519	23.0
520	55.0
521	44.0
522	42.0
523	47.0
524	44.0
525	36.0
526	28.0
527	40.0
528	28.0
529	22.0
530	156.0
531	16.0
532	156.0
533	40.0
534	32.0
535	56.0
536	31.0
537	157.0
538	58.0
539	27.0
540	51.0
541	31.0
542	158.0
543	55.0
544	17.0
545	48.0
546	27.0
547	43.0
548	17.0
549	55.0
550	41.0
551	159.0
552	48.0
553	25.0
554	18.0
555	45.0
556	41.0
557	40.0
558	26.0
559	33.0
560	24.0
561	17.0
562	24.0
563	44.0
564	35.0
565	19.0
566	49.0
567	19.0
568	154.0
569	27.0
570	29.0
571	44.0
572	39.0
573	57.0
574	156.0
575	56.0
576	160.0
577	18.0
578	53.0
579	51.0
580	39.0
581	24.0
582	29.0
583	33.0
584	23.0
585	58.0
586	34.0
587	153.0
588	54.0
589	23.0
590	33.0
591	51.0
592	19.0
593	33.0
594	22.0
595	61.0
596	22.0
597	59.0
598	39.0
599	25.0
600	20.0
601	160.0
602	59.0
603	28.0
604	29.0
605	36.0
606	40.0
607	30.0
608	27.0
609	56.0
610	27.0
611	31.0
612	42.0
613	24.0
614	155.0
615	21.0
616	20.0
617	35.0
618	22.0
619	24.0
620	52.0
621	43.0
622	26.0
623	32.0
624	32.0
625	57.0
626	33.0
627	34.0
628	58.0
629	33.0
630	21.0
631	21.0
632	159.0
633	44.0
634	35.0
635	49.0
636	25.0
637	44.0
638	16.0
639	18.0
640	37.0
641	23.0
642	26.0
643	17.0
644	20.0
645	39.0
646	45.0
647	24.0
648	32.0
649	42.0
650	47.0
651	17.0
652	26.0
653	45.0
654	53.0
655	36.0
656	44.0
657	159.0
658	18.0
659	23.0
660	153.0
661	40.0
662	158.0
663	30.0
664	26.0
665	16.0
666	53.0
667	53.0
668	160.0
669	23.0
670	160.0
671	28.0
672	162.0
673	27.0
674	159.0
675	23.0
676	37.0
677	48.0
678	39.0
679	156.0
680	39.0
681	33.0
682	53.0
683	44.0
684	56.0
685	19.0
686	28.0
687	51.0
688	27.0
689	57.0
690	33.0
691	19.0
692	33.0
693	33.0
694	160.0
695	31.0
696	28.0
697	21.0
698	60.0
699	48.0
700	23.0
701	50.0
702	56.0
703	43.0
704	27.0
705	161.0
706	17.0
707	59.0
708	34.0
709	58.0
710	36.0
711	158.0
712	158.0
713	39.0
714	48.0
715	62.0
716	50.0
717	38.0
718	33.0
719	37.0
720	18.0
721	60.0
722	59.0
723	16.0
724	42.0
725	58.0
726	46.0
727	50.0
728	156.0
729	30.0
730	47.0
731	38.0
732	29.0
733	44.0
734	25.0
735	41.0
736	31.0
737	40.0
738	30.0
739	28.0
740	51.0
741	37.0
742	153.0
743	33.0
744	36.0
745	163.0
746	59.0
747	28.0
748	35.0
749	18.0
750	30.0
751	42.0
752	156.0
753	18.0
754	37.0
755	36.0
756	36.0
757	163.0
758	19.0
759	60.0
760	51.0
761	32.0
762	17.0
763	18.0
764	31.0
765	18.0
766	159.0
767	30.0
768	40.0
769	16.0
770	31.0
771	40.0
772	157.0
773	33.0
774	152.0
775	58.0
776	51.0
777	42.0
778	21.0
779	53.0
780	33.0
781	16.0
782	154.0
783	153.0
784	53.0
785	157.0
786	56.0
787	31.0
788	39.0
789	37.0
790	45.0
791	18.0
792	18.0
793	31.0
794	40.0
795	56.0
796	61.0
797	30.0
798	30.0
799	56.0
800	52.0
801	50.0
802	158.0
803	41.0
804	49.0
805	48.0
806	51.0
807	56.0
808	54.0
809	55.0
810	21.0
811	29.0
812	55.0
813	43.0
814	26.0
815	26.0
816	157.0
817	23.0
818	61.0
819	26.0
820	158.0
821	36.0
822	26.0
823	24.0
824	35.0
825	45.0
826	25.0
827	156.0
828	34.0
829	39.0
830	24.0
831	42.0
832	59.0
833	43.0
834	37.0
835	27.0
836	30.0
837	159.0
838	22.0
839	53.0
840	153.0
841	54.0
842	23.0
843	50.0
844	52.0
845	161.0
846	52.0
847	157.0
848	156.0
849	25.0
850	37.0
851	27.0
852	31.0
853	19.0
854	27.0
855	35.0
856	38.0
857	32.0
858	50.0
859	54.0
860	47.0
861	40.0
862	53.0
863	43.0
864	57.0
865	36.0
866	30.0
867	38.0
868	157.0
869	154.0
870	54.0
871	58.0
872	57.0
873	35.0
874	39.0
875	50.0
876	157.0
877	36.0
878	157.0
879	51.0
880	52.0
881	31.0
882	155.0
883	25.0
884	46.0
885	33.0
886	16.0
887	39.0
888	41.0
889	154.0
890	53.0
891	54.0
892	45.0
893	155.0
894	28.0
895	41.0
896	24.0
897	15.0
898	45.0
899	26.0
900	34.0
901	49.0
902	26.0
903	48.0
904	44.0
905	26.0
906	28.0
907	52.0
908	53.0
909	57.0
910	33.0
911	34.0
912	161.0
913	29.0
914	35.0
915	60.0
916	59.0
917	161.0
918	42.0
919	38.0
920	159.0
921	50.0
922	49.0
923	19.0
924	158.0
925	62.0
926	160.0
927	27.0
928	25.0
929	61.0
930	16.0
931	36.0
932	33.0
933	55.0
934	159.0
935	35.0
936	52.0
937	32.0
938	30.0
939	157.0
940	158.0
941	31.0
942	25.0
943	54.0
944	26.0
945	40.0
946	52.0
947	46.0
948	33.0
949	45.0
950	22.0
951	30.0
952	47.0
953	26.0
954	37.0
955	49.0
956	41.0
957	158.0
958	41.0
959	55.0
960	20.0
961	28.0
962	39.0
963	58.0
964	47.0
965	24.0
966	46.0
967	55.0
968	159.0
969	58.0
970	53.0
971	30.0
972	45.0
973	29.0
974	55.0
975	30.0
976	25.0
977	40.0
978	159.0
979	154.0
980	30.0
981	15.0
982	25.0
983	48.0
984	50.0
985	49.0
986	34.0
987	34.0
988	155.0
989	35.0
990	35.0
991	44.0
992	15.0
993	38.0
994	158.0
995	43.0
996	47.0
997	35.0
998	35.0
999	22.0
1000	27.0
1001	50.0
1002	48.0
1003	45.0
1004	156.0
1005	155.0
1006	43.0
1007	32.0
1008	26.0
1009	51.0
1010	43.0
1011	31.0
1012	155.0
1013	156.0
1014	52.0
1015	54.0
1016	38.0
1017	21.0
1018	19.0
1019	25.0
1020	33.0
1021	155.0
1022	35.0
1023	56.0
1024	16.0
1025	24.0
1026	58.0
1027	162.0
1028	156.0
1029	32.0
1030	53.0
1031	31.0
1032	15.0
1033	153.0
1034	27.0
1035	23.0
1036	157.0
1037	48.0
1038	49.0
1039	17.0
1040	44.0
1041	33.0
1042	26.0
1043	42.0
1044	29.0
1045	45.0
1046	33.0
1047	37.0
1048	44.0
1049	58.0
1050	41.0
1051	158.0
1052	40.0
1053	35.0
1054	32.0
1055	29.0
1056	51.0
1057	165.0
1058	19.0
1059	41.0
1060	159.0
1061	37.0
1062	37.0
1063	37.0
1064	161.0
1065	51.0
1066	39.0
1067	163.0
1068	43.0
1069	48.0
1070	156.0
1071	159.0
1072	48.0
1073	156.0
1074	32.0
1075	160.0
1076	154.0
1077	49.0
1078	48.0
1079	34.0
1080	32.0
1081	16.0
1082	156.0
1083	47.0
1084	157.0
1085	22.0
1086	21.0
1087	155.0
1088	19.0
1089	50.0
1090	27.0
1091	35.0
1092	52.0
1093	22.0
1094	21.0
1095	30.0
1096	35.0
1097	49.0
1098	38.0
1099	61.0
1100	38.0
1101	161.0
1102	40.0
1103	56.0
1104	161.0
1105	56.0
1106	19.0
1107	157.0
1108	38.0
1109	52.0
1110	156.0
1111	44.0
1112	18.0
1113	59.0
1114	27.0
1115	29.0
1116	26.0
1117	40.0
1118	53.0
1119	16.0
1120	43.0
1121	52.0
1122	16.0
1123	157.0
1124	158.0
1125	160.0
1126	58.0
1127	55.0
1128	59.0
1129	30.0
1130	28.0
1131	38.0
1132	20.0
1133	162.0
1134	18.0
1135	28.0
1136	33.0
1137	33.0
1138	161.0
1139	32.0
1140	39.0
1141	161.0
1142	61.0
1143	45.0
1144	33.0
1145	33.0
1146	57.0
1147	42.0
1148	47.0
1149	25.0
1150	39.0
1151	160.0
1152	160.0
1153	46.0
1154	160.0
1155	36.0
1156	28.0
1157	23.0
1158	42.0
1159	28.0
1160	27.0
1161	34.0
1162	48.0
1163	161.0
1164	162.0
1165	156.0
1166	155.0
1167	42.0
1168	46.0
1169	154.0
1170	16.0
1171	56.0
1172	156.0
1173	56.0
1174	154.0
1175	159.0
1176	56.0
1177	42.0
1178	159.0
1179	32.0
1180	31.0
1181	160.0
1182	30.0
1183	58.0
1184	56.0
1185	49.0
1186	49.0
1187	35.0
1188	45.0
1189	43.0
1190	50.0
1191	60.0
1192	162.0
1193	162.0
1194	65.0
1195	28.0
1196	30.0
1197	58.0
1198	35.0
1199	57.0
1200	33.0
1201	45.0
1202	46.0
1203	18.0
1204	163.0
1205	164.0
1206	159.0
1207	57.0
1208	21.0
1209	43.0
1210	157.0
1211	28.0
1212	47.0
1213	31.0
1214	15.0
1215	45.0
1216	44.0
1217	33.0
1218	35.0
1219	20.0
1220	54.0
1221	21.0
1222	26.0
1223	25.0
1224	40.0
1225	157.0
1226	51.0
1227	48.0
1228	55.0
1229	31.0
1230	55.0
1231	30.0
1232	30.0
1233	25.0
1234	43.0
1235	157.0
1236	55.0
1237	158.0
1238	58.0
1239	40.0
1240	154.0
1241	58.0
1242	42.0
1243	59.0
1244	58.0
1245	28.0
1246	43.0
1247	162.0
1248	35.0
1249	51.0
1250	61.0
1251	60.0
1252	157.0
1253	54.0
1254	154.0
1255	36.0
1256	61.0
1257	22.0
1258	42.0
1259	63.0
1260	26.0
1261	42.0
1262	62.0
1263	165.0
1264	163.0
1265	59.0
1266	46.0
1267	50.0
1268	50.0
1269	29.0
1270	30.0
1271	16.0
1272	42.0
1273	49.0
1274	157.0
1275	31.0
1276	32.0
1277	20.0
1278	53.0
1279	39.0
1280	29.0
1281	157.0
1282	15.0
1283	154.0
1284	36.0
1285	27.0
1286	47.0
1287	155.0
1288	47.0
1289	60.0
1290	56.0
1291	30.0
1292	35.0
1293	56.0
1294	42.0
1295	57.0
1296	46.0
1297	159.0
1298	56.0
1299	157.0
1300	50.0
1301	40.0
1302	58.0
1303	160.0
1304	154.0
1305	29.0
1306	157.0
1307	160.0
1308	27.0
1309	24.0
1310	56.0
1311	31.0
1312	47.0
1313	38.0
1314	54.0
1315	157.0
1316	35.0
1317	162.0
1318	26.0
1319	34.0
1320	52.0
1321	36.0
1322	35.0
1323	47.0
1324	159.0
1325	158.0
1326	23.0
1327	53.0
1328	62.0
1329	162.0
1330	42.0
1331	50.0
1332	35.0
1333	31.0
1334	161.0
1335	35.0
1336	33.0
1337	35.0
1338	19.0
1339	21.0
1340	54.0
1341	159.0
1342	20.0
1343	158.0
1344	56.0
1345	29.0
1346	30.0
1347	17.0
1348	34.0
1349	158.0
1350	29.0
1351	19.0
1352	18.0
1353	51.0
1354	23.0
1355	39.0
1356	53.0
1357	156.0
1358	43.0
1359	49.0
1360	28.0
1361	24.0
1362	32.0
1363	59.0
1364	39.0
1365	33.0
1366	26.0
1367	19.0
1368	42.0
1369	165.0
1370	160.0
1371	31.0
1372	163.0
1373	61.0
1374	32.0
1375	54.0
1376	20.0
1377	33.0
1378	28.0
1379	54.0
1380	35.0
1381	39.0
1382	30.0
1383	60.0
1384	50.0
1385	34.0
1386	51.0
1387	28.0
1388	50.0
1389	29.0
1390	161.0
1391	60.0
1392	27.0
1393	52.0
1394	63.0
1395	44.0
1396	162.0
1397	51.0
1398	58.0
1399	51.0
1400	44.0
1401	43.0
1402	61.0
1403	52.0
1404	163.0
1405	56.0
1406	29.0
1407	158.0
1408	163.0
1409	36.0
1410	46.0
1411	160.0
1412	161.0
1413	156.0
1414	163.0
1415	160.0
1416	43.0
1417	162.0
1418	18.0
1419	44.0
1420	61.0
1421	159.0
1422	36.0
1423	56.0
1424	57.0
1425	158.0
1426	43.0
1427	46.0
1428	45.0
1429	38.0
1430	33.0
1431	34.0
1432	161.0
1433	157.0
1434	159.0
1435	21.0
1436	49.0
1437	24.0
1438	44.0
1439	160.0
1440	25.0
1441	159.0
1442	155.0
1443	25.0
1444	50.0
1445	37.0
1446	157.0
1447	53.0
1448	26.0
1449	157.0
1450	24.0
1451	31.0
1452	58.0
1453	45.0
1454	157.0
1455	38.0
1456	159.0
1457	24.0
1458	55.0
1459	17.0
1460	32.0
1461	16.0
1462	37.0
1463	154.0
1464	28.0
1465	59.0
1466	53.0
1467	156.0
1468	51.0
1469	34.0
1470	58.0
1471	32.0
1472	55.0
1473	29.0
1474	158.0
1475	33.0
1476	44.0
1477	18.0
1478	51.0
1479	41.0
1480	162.0
1481	57.0
1482	163.0
1483	63.0
1484	65.0
1485	160.0
1486	163.0
1487	162.0
1488	163.0
1489	160.0
1490	158.0
1491	50.0
1492	36.0
1493	162.0
1494	53.0
1495	47.0
1496	61.0
1497	27.0
1498	155.0
1499	161.0
1500	160.0
1501	29.0
1502	163.0
1503	28.0
1504	157.0
1505	35.0
1506	37.0
1507	160.0
1508	157.0
1509	56.0
1510	43.0
1511	30.0
1512	59.0
1513	43.0
1514	163.0
1515	39.0
1516	63.0
1517	23.0
1518	34.0
1519	161.0
1520	36.0
1521	59.0
1522	39.0
1523	28.0
1524	40.0
1525	30.0
1526	48.0
1527	44.0
1528	159.0
1529	18.0
1530	56.0
1531	32.0
1532	57.0
1533	51.0
1534	160.0
1535	24.0
1536	158.0
1537	59.0
1538	160.0
1539	19.0
1540	38.0
1541	45.0
1542	56.0
1543	158.0
1544	25.0
1545	33.0
1546	33.0
1547	156.0
1548	157.0
1549	157.0
1550	42.0
1551	31.0
1552	34.0
1553	155.0
1554	154.0
1555	159.0
1556	58.0
1557	157.0
1558	52.0
1559	157.0
1560	30.0
1561	24.0
1562	27.0
1563	27.0
1564	49.0
1565	40.0
1566	61.0
1567	47.0
1568	27.0
1569	55.0
1570	54.0
1571	157.0
1572	17.0
1573	36.0
1574	158.0
1575	159.0
1576	46.0
1577	42.0
1578	16.0
1579	48.0
1580	50.0
1581	35.0
1582	36.0
1583	31.0
1584	20.0
1585	32.0
1586	41.0
1587	161.0
1588	32.0
1589	35.0
1590	161.0
1591	36.0
1592	23.0
1593	50.0
1594	162.0
1595	47.0
1596	34.0
1597	25.0
1598	159.0
1599	161.0
1600	23.0
1601	59.0
1602	62.0
1603	58.0
1604	43.0
1605	159.0
1606	28.0
1607	38.0
1608	49.0
1609	162.0
1610	53.0
1611	155.0
1612	161.0
1613	34.0
1614	161.0
1615	158.0
1616	42.0
1617	55.0
1618	46.0
1619	24.0
1620	160.0
1621	26.0
1622	39.0
1623	56.0
1624	159.0
1625	55.0
1626	45.0
1627	30.0
1628	33.0
1629	160.0
1630	43.0
1631	157.0
1632	162.0
1633	37.0
1634	28.0
1635	163.0
1636	33.0
1637	26.0
1638	53.0
1639	159.0
1640	41.0
1641	28.0
1642	58.0
1643	33.0
1644	159.0
1645	58.0
1646	162.0
1647	161.0
1648	51.0
1649	22.0
1650	44.0
1651	56.0
1652	158.0
1653	22.0
1654	23.0
1655	28.0
1656	61.0
1657	29.0
1658	55.0
1659	38.0
1660	40.0
1661	159.0
1662	23.0
1663	23.0
1664	27.0
1665	48.0
1666	50.0
1667	27.0
1668	35.0
1669	23.0
1670	55.0
1671	40.0
1672	43.0
1673	53.0
1674	59.0
1675	35.0
1676	15.0
1677	159.0
1678	157.0
1679	55.0
1680	31.0
1681	29.0
1682	24.0
1683	33.0
1684	58.0
1685	32.0
1686	62.0
1687	158.0
1688	29.0
1689	61.0
1690	164.0
1691	58.0
1692	64.0
1693	43.0
1694	53.0
1695	158.0
1696	36.0
1697	42.0
1698	43.0
1699	26.0
1700	58.0
1701	156.0
1702	33.0
1703	28.0
1704	157.0
1705	159.0
1706	61.0
1707	34.0
1708	162.0
1709	162.0
1710	57.0
1711	19.0
1712	29.0
1713	39.0
1714	36.0
1715	56.0
1716	163.0
1717	160.0
1718	54.0
1719	161.0
1720	49.0
1721	37.0
1722	161.0
1723	55.0
1724	54.0
1725	47.0
1726	43.0
1727	49.0
1728	46.0
1729	23.0
1730	57.0
1731	24.0
1732	16.0
1733	51.0
1734	35.0
1735	156.0
1736	158.0
1737	45.0
1738	32.0
1739	158.0
1740	16.0
1741	161.0
1742	59.0
1743	54.0
1744	58.0
1745	40.0
1746	39.0
1747	46.0
1748	48.0
1749	62.0
1750	59.0
1751	62.0
1752	61.0
1753	35.0
1754	32.0
1755	39.0
1756	52.0
1757	59.0
1758	54.0
1759	161.0
1760	35.0
1761	26.0
1762	46.0
1763	47.0
1764	47.0
1765	23.0
1766	164.0
1767	164.0
1768	52.0
1769	61.0
1770	162.0
1771	44.0
1772	164.0
1773	37.0
1774	41.0
1775	162.0
1776	24.0
1777	52.0
1778	161.0
1779	160.0
1780	162.0
1781	36.0
1782	22.0
1783	24.0
1784	46.0
1785	45.0
1786	38.0
1787	164.0
1788	28.0
1789	159.0
1790	43.0
1791	44.0
1792	160.0
1793	163.0
1794	160.0
1795	27.0
1796	65.0
1797	36.0
1798	164.0
1799	26.0
1800	156.0
1801	19.0
1802	62.0
1803	161.0
1804	158.0
1805	55.0
1806	59.0
1807	31.0
1808	56.0
1809	32.0
1810	51.0
1811	34.0
1812	37.0
1813	36.0
1814	34.0
1815	20.0
1816	41.0
1817	39.0
1818	47.0
1819	155.0
1820	56.0
1821	55.0
1822	32.0
1823	40.0
1824	32.0
1825	20.0
1826	43.0
1827	56.0
1828	42.0
1829	59.0
1830	32.0
1831	49.0
1832	50.0
1833	29.0
1834	22.0
1835	20.0
1836	41.0
1837	21.0
1838	50.0
1839	60.0
1840	57.0
1841	47.0
1842	31.0
1843	51.0
1844	21.0
1845	157.0
1846	41.0
1847	36.0
1848	50.0
1849	162.0
1850	55.0
1851	29.0
1852	159.0
1853	49.0
1854	158.0
1855	47.0
1856	30.0
1857	19.0
1858	156.0
1859	35.0
1860	58.0
1861	38.0
1862	42.0
1863	46.0
1864	31.0
1865	22.0
1866	45.0
1867	154.0
1868	162.0
1869	54.0
1870	157.0
1871	27.0
1872	33.0
1873	25.0
1874	162.0
1875	34.0
1876	32.0
1877	43.0
1878	36.0
1879	30.0
1880	162.0
1881	63.0
1882	44.0
1883	16.0
1884	50.0
1885	157.0
1886	34.0
1887	43.0
1888	30.0
1889	155.0
1890	30.0
1891	157.0
1892	157.0
1893	55.0
1894	157.0
1895	35.0
1896	57.0
1897	159.0
1898	56.0
1899	160.0
1900	57.0
1901	37.0
1902	51.0
1903	162.0
1904	164.0
1905	41.0
1906	164.0
1907	34.0
1908	41.0
1909	34.0
1910	28.0
1911	62.0
1912	53.0
1913	56.0
1914	18.0
1915	54.0
1916	162.0
1917	160.0
1918	159.0
1919	58.0
1920	43.0
1921	23.0
1922	157.0
1923	50.0
1924	55.0
1925	23.0
1926	39.0
1927	36.0
1928	29.0
1929	50.0
1930	154.0
1931	50.0
1932	154.0
1933	38.0
1934	56.0
1935	44.0
1936	32.0
1937	16.0
1938	32.0
1939	153.0
1940	56.0
1941	158.0
1942	156.0
1943	54.0
1944	39.0
1945	158.0
1946	48.0
1947	44.0
1948	35.0
1949	156.0
1950	37.0
1951	32.0
1952	22.0
1953	55.0
1954	16.0
1955	56.0
1956	157.0
1957	159.0
1958	58.0
1959	22.0
1960	157.0
1961	22.0
1962	32.0
1963	40.0
1964	60.0
1965	160.0
1966	160.0
1967	158.0
1968	63.0
1969	21.0
1970	55.0
1971	43.0
1972	161.0
1973	30.0
1974	48.0
1975	57.0
1976	58.0
1977	66.0
1978	32.0
1979	52.0
1980	38.0
1981	164.0
1982	42.0
1983	160.0
1984	35.0
1985	53.0
1986	28.0
1987	58.0
1988	59.0
1989	52.0
1990	62.0
1991	159.0
1992	18.0
1993	34.0
1994	159.0
1995	157.0
1996	39.0
1997	53.0
1998	159.0
1999	36.0
2000	61.0
2001	160.0
2002	61.0
2003	52.0
2004	59.0
2005	40.0
2006	59.0
2007	56.0
2008	162.0
2009	53.0
2010	39.0
2011	63.0
2012	37.0
2013	159.0
2014	32.0
2015	57.0
2016	164.0
2017	35.0
2018	50.0
2019	162.0
2020	40.0
2021	159.0
2022	23.0
2023	160.0
2024	31.0
2025	27.0
2026	162.0
2027	164.0
2028	31.0
2029	39.0
2030	44.0
2031	63.0
2032	18.0
2033	33.0
2034	48.0
2035	42.0
2036	160.0
2037	160.0
2038	60.0
2039	61.0
2040	54.0
2041	159.0
2042	56.0
2043	35.0
2044	55.0
2045	161.0
2046	160.0
2047	43.0
2048	25.0
2049	21.0
2050	56.0
2051	50.0
2052	41.0
2053	161.0
2054	163.0
2055	161.0
2056	23.0
2057	160.0
2058	18.0
2059	58.0
2060	31.0
2061	44.0
2062	27.0
2063	44.0
2064	60.0
2065	16.0
2066	50.0
2067	158.0
2068	160.0
2069	18.0
2070	164.0
2071	162.0
2072	54.0
2073	159.0
2074	156.0
2075	162.0
2076	19.0
2077	60.0
2078	61.0
2079	161.0
2080	57.0
2081	162.0
2082	29.0
2083	33.0
2084	165.0
2085	159.0
2086	162.0
2087	36.0
2088	50.0
2089	162.0
2090	39.0
2091	62.0
2092	164.0
2093	161.0
2094	52.0
2095	62.0
2096	156.0
2097	58.0
2098	158.0
2099	57.0
2100	57.0
2101	50.0
2102	35.0
2103	162.0
2104	28.0
2105	161.0
2106	27.0
2107	49.0
2108	52.0
2109	54.0
2110	163.0
2111	63.0
2112	34.0
2113	43.0
2114	30.0
2115	43.0
2116	30.0
2117	28.0
2118	64.0
2119	34.0
2120	47.0
2121	41.0
2122	48.0
2123	55.0
2124	40.0
2125	165.0
2126	32.0
2127	19.0
2128	46.0
2129	50.0
2130	54.0
2131	49.0
2132	22.0
2133	160.0
2134	63.0
2135	22.0
2136	32.0
2137	43.0
2138	16.0
2139	30.0
2140	20.0
2141	22.0
2142	28.0
2143	33.0
2144	159.0
2145	57.0
2146	56.0
2147	25.0
2148	42.0
2149	42.0
2150	46.0
2151	21.0
2152	28.0
2153	41.0
2154	23.0
2155	32.0
2156	160.0
2157	52.0
2158	31.0
2159	34.0
2160	57.0
2161	57.0
2162	159.0
2163	48.0
2164	56.0
2165	160.0
2166	32.0
2167	32.0
2168	43.0
2169	44.0
2170	17.0
2171	160.0
2172	44.0
2173	29.0
2174	27.0
2175	44.0
2176	33.0
2177	158.0
2178	155.0
2179	42.0
2180	57.0
2181	59.0
2182	16.0
2183	16.0
2184	45.0
2185	37.0
2186	43.0
2187	56.0
2188	32.0
2189	153.0
2190	55.0
2191	54.0
2192	28.0
2193	24.0
2194	156.0
2195	46.0
2196	154.0
2197	20.0
2198	19.0
2199	61.0
2200	24.0
2201	45.0
2202	41.0
2203	60.0
2204	160.0
2205	48.0
2206	159.0
2207	29.0
2208	24.0
2209	34.0
2210	38.0
2211	37.0
2212	24.0
2213	42.0
2214	61.0
2215	39.0
2216	61.0
2217	19.0
2218	33.0
2219	46.0
2220	62.0
2221	163.0
2222	56.0
2223	163.0
2224	49.0
2225	45.0
2226	54.0
2227	29.0
2228	63.0
2229	45.0
2230	159.0
2231	41.0
2232	30.0
2233	59.0
2234	19.0
2235	42.0
2236	39.0
2237	61.0
2238	163.0
2239	29.0
2240	25.0
2241	33.0
2242	160.0
2243	32.0
2244	47.0
2245	160.0
2246	49.0
2247	163.0
2248	38.0
2249	160.0
2250	50.0
2251	163.0
2252	24.0
2253	161.0
2254	51.0
2255	163.0
2256	162.0
2257	58.0
2258	55.0
2259	40.0
2260	59.0
2261	156.0
2262	45.0
2263	29.0
2264	50.0
2265	160.0
2266	52.0
2267	31.0
2268	53.0
2269	59.0
2270	22.0
2271	33.0
2272	160.0
2273	39.0
2274	164.0
2275	160.0
2276	162.0
2277	159.0
2278	50.0
2279	24.0
2280	58.0
2281	44.0
2282	160.0
2283	42.0
2284	19.0
2285	57.0
2286	164.0
2287	55.0
2288	52.0
2289	31.0
2290	34.0
2291	32.0
2292	52.0
2293	28.0
2294	163.0
2295	31.0
2296	55.0
2297	37.0
2298	32.0
2299	38.0
2300	37.0
2301	31.0
2302	44.0
2303	44.0
2304	48.0
2305	65.0
2306	60.0
2307	52.0
2308	62.0
2309	160.0
2310	62.0
2311	31.0
2312	32.0
2313	161.0
2314	56.0
2315	165.0
2316	48.0
2317	59.0
2318	43.0
2319	61.0
2320	58.0
2321	160.0
2322	158.0
2323	23.0
2324	50.0
2325	32.0
2326	160.0
2327	42.0
2328	19.0
2329	43.0
2330	163.0
2331	50.0
2332	48.0
2333	49.0
2334	44.0
2335	161.0
2336	160.0
2337	162.0
2338	62.0
2339	28.0
2340	45.0
2341	47.0
2342	160.0
2343	36.0
2344	45.0
2345	17.0
2346	30.0
2347	45.0
2348	47.0
2349	39.0
2350	27.0
2351	22.0
2352	37.0
2353	56.0
2354	162.0
2355	61.0
2356	162.0
2357	22.0
2358	36.0
2359	161.0
2360	63.0
2361	53.0
2362	37.0
2363	163.0
2364	161.0
2365	161.0
2366	62.0
2367	30.0
2368	158.0
2369	18.0
2370	39.0
2371	54.0
2372	45.0
2373	164.0
2374	56.0
2375	31.0
2376	57.0
2377	56.0
2378	28.0
2379	36.0
2380	41.0
2381	52.0
2382	157.0
2383	158.0
2384	23.0
2385	43.0
2386	30.0
2387	160.0
2388	46.0
2389	159.0
2390	163.0
2391	25.0
2392	162.0
2393	47.0
2394	23.0
2395	63.0
2396	59.0
2397	52.0
2398	55.0
2399	36.0
2400	54.0
2401	57.0
2402	160.0
2403	35.0
2404	57.0
2405	33.0
2406	37.0
2407	155.0
2408	57.0
2409	155.0
2410	156.0
2411	47.0
2412	153.0
2413	40.0
2414	39.0
2415	36.0
2416	46.0
2417	28.0
2418	161.0
2419	156.0
2420	32.0
2421	57.0
2422	159.0
2423	163.0
2424	160.0
2425	160.0
2426	162.0
2427	45.0
2428	29.0
2429	49.0
2430	59.0
2431	24.0
2432	31.0
2433	62.0
2434	29.0
2435	39.0
2436	162.0
2437	160.0
2438	24.0
2439	160.0
2440	37.0
2441	48.0
2442	32.0
2443	32.0
2444	162.0
2445	44.0
2446	23.0
2447	61.0
2448	59.0
2449	50.0
2450	159.0
2451	53.0
2452	161.0
2453	157.0
2454	37.0
2455	160.0
2456	158.0
2457	38.0
2458	39.0
2459	41.0
2460	19.0
2461	26.0
2462	27.0
2463	21.0
2464	158.0
2465	158.0
2466	58.0
2467	156.0
2468	55.0
2469	161.0
2470	161.0
2471	162.0
2472	64.0
2473	53.0
2474	40.0
2475	162.0
2476	40.0
2477	32.0
2478	62.0
2479	23.0
2480	159.0
2481	44.0
2482	59.0
2483	48.0
2484	60.0
2485	159.0
2486	159.0
2487	56.0
2488	60.0
2489	57.0
2490	27.0
2491	40.0
2492	28.0
2493	51.0
2494	52.0
2495	27.0
2496	53.0
2497	35.0
2498	55.0
2499	39.0
2500	153.0
2501	156.0
2502	41.0
2503	56.0
2504	59.0
2505	33.0
2506	35.0
2507	159.0
2508	31.0
2509	32.0
2510	47.0
2511	48.0
2512	46.0
2513	156.0
2514	31.0
2515	159.0
2516	156.0
2517	34.0
2518	25.0
2519	22.0
2520	155.0
2521	53.0
2522	42.0
2523	57.0
2524	36.0
2525	59.0
2526	39.0
2527	158.0
2528	23.0
2529	28.0
2530	33.0
2531	64.0
2532	53.0
2533	56.0
2534	51.0
2535	61.0
2536	27.0
2537	26.0
2538	54.0
2539	157.0
2540	156.0
2541	38.0
2542	46.0
2543	164.0
2544	26.0
2545	19.0
2546	47.0
2547	156.0
2548	31.0
2549	24.0
2550	158.0
2551	55.0
2552	53.0
2553	157.0
2554	156.0
2555	30.0
2556	60.0
2557	20.0
2558	42.0
2559	41.0
2560	36.0
2561	17.0
2562	64.0
2563	53.0
2564	162.0
2565	59.0
2566	52.0
2567	38.0
2568	33.0
2569	62.0
2570	34.0
2571	39.0
2572	23.0
2573	32.0
2574	161.0
2575	31.0
2576	56.0
2577	39.0
2578	34.0
2579	32.0
2580	20.0
2581	162.0
2582	45.0
2583	19.0
2584	160.0
2585	160.0
2586	36.0
2587	21.0
2588	34.0
2589	58.0
2590	157.0
2591	159.0
2592	39.0
2593	31.0
2594	32.0
2595	161.0
2596	30.0
2597	54.0
2598	45.0
2599	38.0
2600	57.0
2601	60.0
2602	41.0
2603	38.0
2604	162.0
2605	42.0
2606	56.0
2607	42.0
2608	54.0
2609	161.0
2610	156.0
2611	24.0
2612	18.0
2613	24.0
2614	162.0
2615	59.0
2616	62.0
2617	61.0
2618	38.0
2619	28.0
2620	42.0
2621	160.0
2622	61.0
2623	39.0
2624	47.0
2625	25.0
2626	160.0
2627	159.0
2628	26.0
2629	153.0
2630	25.0
2631	33.0
2632	31.0
2633	55.0
2634	161.0
2635	32.0
2636	26.0
2637	46.0
2638	163.0
2639	52.0
2640	22.0
2641	35.0
2642	159.0
2643	36.0
2644	27.0
2645	58.0
2646	59.0
2647	41.0
2648	22.0
2649	27.0
2650	29.0
2651	21.0
2652	156.0
2653	157.0
2654	28.0
2655	44.0
2656	159.0
2657	22.0
2658	29.0
2659	59.0
2660	26.0
2661	158.0
2662	54.0
2663	31.0
2664	159.0
2665	30.0
2666	16.0
2667	161.0
2668	47.0
2669	50.0
2670	35.0
2671	49.0
2672	161.0
2673	156.0
2674	157.0
2675	159.0
2676	58.0
2677	44.0
2678	155.0
2679	41.0
2680	54.0
2681	155.0
2682	32.0
2683	156.0
2684	54.0
2685	46.0
2686	47.0
2687	15.0
2688	51.0
2689	31.0
2690	16.0
2691	55.0
2692	155.0
2693	49.0
2694	52.0
2695	155.0
2696	35.0
2697	46.0
2698	158.0
2699	156.0
2700	53.0
2701	27.0
2702	16.0
2703	155.0
2704	155.0
2705	35.0
2706	60.0
2707	36.0
2708	156.0
2709	33.0
2710	17.0
2711	48.0
2712	157.0
2713	42.0
2714	19.0
2715	162.0
2716	36.0
2717	27.0
2718	21.0
2719	42.0
2720	29.0
2721	29.0
2722	155.0
2723	33.0
2724	160.0
2725	35.0
2726	37.0
2727	18.0
2728	155.0
2729	29.0
2730	154.0
2731	22.0
2732	32.0
2733	58.0
2734	37.0
2735	58.0
2736	30.0
2737	37.0
2738	39.0
2739	157.0
2740	56.0
2741	59.0
2742	22.0
2743	59.0
2744	53.0
2745	160.0
2746	58.0
2747	21.0
2748	161.0
2749	58.0
2750	37.0
2751	31.0
2752	46.0
2753	50.0
2754	159.0
2755	160.0
2756	43.0
2757	20.0
2758	17.0
2759	157.0
2760	36.0
2761	48.0
2762	44.0
2763	155.0
2764	55.0
2765	37.0
2766	56.0
2767	159.0
2768	158.0
2769	36.0
2770	44.0
2771	159.0
2772	154.0
2773	26.0
2774	34.0
2775	46.0
2776	156.0
2777	50.0
2778	46.0
2779	157.0
2780	157.0
2781	38.0
2782	42.0
2783	155.0
2784	22.0
2785	156.0
2786	43.0
2787	21.0
2788	154.0
2789	40.0
2790	26.0
2791	30.0
2792	162.0
2793	56.0
2794	37.0
2795	156.0
2796	44.0
2797	42.0
2798	49.0
2799	50.0
2800	60.0
2801	160.0
2802	44.0
2803	18.0
2804	43.0
2805	64.0
2806	160.0
2807	23.0
2808	28.0
2809	31.0
2810	41.0
2811	168.0
2812	59.0
2813	33.0
2814	160.0
2815	37.0
2816	159.0
2817	61.0
2818	32.0
2819	36.0
2820	43.0
2821	162.0
2822	51.0
2823	160.0
2824	23.0
2825	55.0
2826	158.0
2827	51.0
2828	48.0
2829	53.0
2830	58.0
2831	30.0
2832	26.0
2833	22.0
2834	161.0
2835	158.0
2836	54.0
2837	45.0
2838	52.0
2839	30.0
2840	50.0
2841	49.0
2842	160.0
2843	155.0
2844	54.0
2845	44.0
2846	54.0
2847	38.0
2848	158.0
2849	16.0
2850	40.0
2851	38.0
2852	156.0
2853	48.0
2854	41.0
2855	57.0
2856	50.0
2857	54.0
2858	54.0
2859	39.0
2860	37.0
2861	31.0
2862	48.0
2863	156.0
2864	154.0
2865	38.0
2866	33.0
2867	51.0
2868	158.0
2869	29.0
2870	38.0
2871	31.0
2872	155.0
2873	57.0
2874	48.0
2875	157.0
2876	30.0
2877	34.0
2878	58.0
2879	45.0
2880	57.0
2881	15.0
2882	20.0
2883	31.0
2884	53.0
2885	157.0
2886	38.0
2887	155.0
2888	156.0
2889	54.0
2890	43.0
2891	159.0
2892	32.0
2893	26.0
2894	159.0
2895	37.0
2896	55.0
2897	51.0
2898	58.0
2899	41.0
2900	23.0
2901	27.0
2902	33.0
2903	160.0
2904	51.0
2905	22.0
2906	159.0
2907	159.0
2908	48.0
2909	50.0
2910	157.0
2911	57.0
2912	60.0
2913	25.0
2914	15.0
2915	29.0
2916	35.0
2917	27.0
2918	52.0
2919	48.0
2920	36.0
2921	55.0
2922	57.0
2923	164.0
2924	23.0
2925	34.0
2926	32.0
2927	63.0
2928	58.0
2929	45.0
2930	33.0
2931	51.0
2932	156.0
2933	51.0
2934	163.0
2935	50.0
2936	29.0
2937	36.0
2938	46.0
2939	58.0
2940	156.0
2941	156.0
2942	34.0
2943	21.0
2944	158.0
2945	160.0
2946	26.0
2947	41.0
2948	16.0
2949	154.0
2950	55.0
2951	42.0
2952	20.0
2953	49.0
2954	55.0
2955	46.0
2956	36.0
2957	56.0
2958	161.0
2959	161.0
2960	45.0
2961	46.0
2962	159.0
2963	56.0
2964	25.0
2965	51.0
2966	53.0
2967	43.0
2968	164.0
2969	33.0
2970	50.0
2971	157.0
2972	28.0
2973	161.0
2974	34.0
2975	31.0
2976	43.0
2977	157.0
2978	29.0
2979	59.0
2980	29.0
2981	42.0
2982	36.0
2983	46.0
2984	29.0
2985	156.0
2986	30.0
2987	29.0
2988	161.0
2989	161.0
2990	60.0
2991	162.0
2992	28.0
2993	156.0
2994	16.0
2995	29.0
2996	159.0
2997	22.0
2998	33.0
2999	158.0
3000	159.0
3001	37.0
3002	39.0
3003	28.0
3004	42.0
3005	32.0
3006	57.0
3007	160.0
3008	29.0
3009	40.0
3010	25.0
3011	36.0
3012	65.0
3013	35.0
3014	158.0
3015	33.0
3016	33.0
3017	57.0
3018	158.0
3019	56.0
3020	45.0
3021	27.0
3022	162.0
3023	159.0
3024	156.0
3025	156.0
3026	36.0
3027	41.0
3028	158.0
3029	41.0
3030	59.0
3031	162.0
3032	26.0
3033	34.0
3034	24.0
3035	29.0
3036	45.0
3037	160.0
3038	21.0
3039	56.0
3040	49.0
3041	36.0
3042	44.0
3043	19.0
3044	37.0
3045	45.0
3046	160.0
3047	38.0
3048	60.0
3049	47.0
3050	45.0
3051	22.0
3052	161.0
3053	160.0
3054	159.0
3055	157.0
3056	45.0
3057	46.0
3058	35.0
3059	155.0
3060	158.0
3061	160.0
3062	28.0
3063	38.0
3064	29.0
3065	23.0
3066	34.0
3067	162.0
3068	41.0
3069	44.0
3070	43.0
3071	163.0
3072	162.0
3073	40.0
3074	19.0
3075	55.0
3076	160.0
3077	155.0
3078	39.0
3079	159.0
3080	161.0
3081	29.0
3082	26.0
3083	51.0
3084	55.0
3085	161.0
3086	55.0
3087	54.0
3088	50.0
3089	160.0
3090	24.0
3091	47.0
3092	59.0
3093	161.0
3094	52.0
3095	42.0
3096	23.0
3097	36.0
3098	162.0
3099	161.0
3100	157.0
3101	28.0
3102	45.0
3103	32.0
3104	43.0
3105	57.0
3106	44.0
3107	157.0
3108	52.0
3109	50.0
3110	26.0
3111	53.0
3112	27.0
3113	37.0
3114	57.0
3115	38.0
3116	159.0
3117	162.0
3118	20.0
3119	158.0
3120	55.0
3121	163.0
3122	45.0
3123	33.0
3124	165.0
3125	38.0
3126	49.0
3127	164.0
3128	164.0
3129	163.0
3130	27.0
3131	52.0
3132	52.0
3133	22.0
3134	54.0
3135	163.0
3136	39.0
3137	159.0
3138	164.0
3139	44.0
3140	160.0
3141	44.0
3142	160.0
3143	164.0
3144	35.0
3145	21.0
3146	21.0
3147	156.0
3148	62.0
3149	39.0
3150	161.0
3151	27.0
3152	160.0
3153	158.0
3154	33.0
3155	47.0
3156	160.0
3157	161.0
3158	161.0
3159	158.0
3160	29.0
3161	159.0
3162	32.0
3163	49.0
3164	32.0
3165	16.0
3166	44.0
3167	55.0
3168	29.0
3169	162.0
3170	160.0
3171	42.0
3172	33.0
3173	160.0
3174	37.0
3175	38.0
3176	158.0
3177	46.0
3178	156.0
3179	60.0
3180	48.0
3181	157.0
3182	29.0
3183	35.0
3184	44.0
3185	56.0
3186	41.0
3187	46.0
3188	29.0
3189	27.0
3190	156.0
3191	165.0
3192	47.0
3193	162.0
3194	48.0
3195	38.0
3196	29.0
3197	37.0
3198	45.0
3199	161.0
3200	162.0
3201	162.0
3202	163.0
3203	41.0
3204	33.0
3205	65.0
3206	44.0
3207	60.0
3208	161.0
3209	156.0
3210	160.0
3211	163.0
3212	162.0
3213	59.0
3214	45.0
3215	34.0
3216	162.0
3217	57.0
3218	30.0
3219	17.0
3220	159.0
3221	159.0
3222	60.0
3223	30.0
3224	46.0
3225	39.0
3226	39.0
3227	60.0
3228	28.0
3229	61.0
3230	161.0
3231	163.0
3232	33.0
3233	44.0
3234	36.0
3235	159.0
3236	166.0
3237	159.0
3238	160.0
3239	163.0
3240	51.0
3241	54.0
3242	30.0
3243	55.0
3244	18.0
3245	49.0
3246	58.0
3247	161.0
3248	22.0
3249	20.0
3250	60.0
3251	32.0
3252	36.0
3253	161.0
3254	56.0
3255	163.0
3256	27.0
3257	61.0
3258	37.0
3259	162.0
3260	158.0
3261	42.0
3262	23.0
3263	34.0
3264	162.0
3265	58.0
3266	29.0
3267	23.0
3268	158.0
3269	29.0
3270	160.0
3271	36.0
3272	33.0
3273	38.0
3274	38.0
3275	58.0
3276	159.0
3277	37.0
3278	160.0
3279	41.0
3280	45.0
3281	39.0
3282	57.0
3283	55.0
3284	62.0
3285	16.0
3286	162.0
3287	163.0
3288	56.0
3289	58.0
3290	31.0
3291	59.0
3292	161.0
3293	38.0
3294	36.0
3295	40.0
3296	157.0
3297	36.0
3298	63.0
3299	35.0
3300	60.0
3301	20.0
3302	59.0
3303	65.0
3304	159.0
3305	45.0
3306	17.0
3307	162.0
3308	36.0
3309	23.0
3310	157.0
3311	159.0
3312	28.0
3313	17.0
3314	50.0
3315	160.0
3316	62.0
3317	40.0
3318	20.0
3319	61.0
3320	56.0
3321	51.0
3322	59.0
3323	163.0
3324	160.0
3325	64.0
3326	42.0
3327	162.0
3328	20.0
3329	29.0
3330	51.0
3331	166.0
3332	18.0
3333	33.0
3334	67.0
3335	159.0
3336	56.0
3337	27.0
3338	41.0
3339	159.0
3340	162.0
3341	163.0
3342	36.0
3343	48.0
3344	59.0
3345	162.0
3346	38.0
3347	159.0
3348	28.0
3349	159.0
3350	52.0
3351	27.0
3352	36.0
3353	165.0
3354	160.0
3355	52.0
3356	163.0
3357	50.0
3358	40.0
3359	159.0
3360	162.0
3361	41.0
3362	50.0
3363	163.0
3364	46.0
3365	46.0
3366	161.0
3367	28.0
3368	35.0
3369	44.0
3370	162.0
3371	163.0
3372	56.0
3373	164.0
3374	55.0
3375	60.0
3376	19.0
3377	22.0
3378	20.0
3379	46.0
3380	39.0
3381	49.0
3382	153.0
3383	30.0
3384	35.0
3385	32.0
3386	20.0
3387	157.0
3388	48.0
3389	33.0
3390	57.0
3391	33.0
3392	162.0
3393	65.0
3394	52.0
3395	63.0
3396	160.0
3397	58.0
3398	31.0
3399	52.0
3400	41.0
3401	158.0
3402	50.0
3403	166.0
3404	60.0
3405	39.0
3406	58.0
3407	160.0
3408	48.0
3409	59.0
3410	26.0
3411	64.0
3412	62.0
3413	63.0
3414	46.0
3415	163.0
3416	25.0
3417	44.0
3418	36.0
3419	35.0
3420	32.0
3421	63.0
3422	62.0
3423	160.0
3424	161.0
3425	61.0
3426	24.0
3427	49.0
3428	57.0
3429	161.0
3430	162.0
3431	46.0
3432	36.0
3433	63.0
3434	54.0
3435	159.0
3436	39.0
3437	52.0
3438	49.0
3439	45.0
3440	59.0
3441	28.0
3442	19.0
3443	47.0
3444	44.0
3445	159.0
3446	163.0
3447	161.0
3448	160.0
3449	53.0
3450	43.0
3451	161.0
3452	46.0
3453	54.0
3454	34.0
3455	53.0
3456	50.0
3457	162.0
3458	26.0
3459	159.0
3460	22.0
3461	51.0
3462	161.0
3463	52.0
3464	54.0
3465	156.0
3466	26.0
3467	25.0
3468	59.0
3469	163.0
3470	156.0
3471	60.0
3472	53.0
3473	30.0
3474	16.0
3475	158.0
3476	164.0
3477	61.0
3478	46.0
3479	36.0
3480	160.0
3481	59.0
3482	159.0
3483	41.0
3484	160.0
3485	24.0
3486	39.0
3487	63.0
3488	17.0
3489	38.0
3490	32.0
3491	36.0
3492	53.0
3493	23.0
3494	54.0
3495	27.0
3496	52.0
3497	159.0
3498	48.0
3499	18.0
3500	159.0
3501	162.0
3502	159.0
3503	57.0
3504	155.0
3505	39.0
3506	155.0
3507	43.0
3508	57.0
3509	38.0
3510	44.0
3511	163.0
3512	154.0
3513	53.0
3514	58.0
3515	39.0
3516	51.0
3517	158.0
3518	19.0
3519	39.0
3520	48.0
3521	29.0
3522	156.0
3523	41.0
3524	45.0
3525	55.0
3526	42.0
3527	50.0
3528	44.0
3529	56.0
3530	26.0
3531	30.0
3532	163.0
3533	158.0
3534	164.0
3535	157.0
3536	32.0
3537	45.0
3538	157.0
3539	16.0
3540	158.0
3541	160.0
3542	158.0
3543	153.0
3544	23.0
3545	27.0
3546	157.0
3547	39.0
3548	53.0
3549	153.0
3550	17.0
3551	23.0
3552	53.0
3553	158.0
3554	18.0
3555	47.0
3556	32.0
3557	158.0
3558	38.0
3559	22.0
3560	29.0
3561	58.0
3562	158.0
3563	153.0
3564	48.0
3565	159.0
3566	161.0
3567	158.0
3568	156.0
3569	46.0
3570	50.0
3571	34.0
3572	37.0
3573	18.0
3574	46.0
3575	41.0
3576	159.0
3577	58.0
3578	156.0
3579	56.0
3580	51.0
3581	160.0
3582	33.0
3583	36.0
3584	38.0
3585	22.0
3586	34.0
3587	44.0
3588	160.0
3589	44.0
3590	54.0
3591	41.0
3592	31.0
3593	53.0
3594	27.0
3595	45.0
3596	56.0
3597	42.0
3598	53.0
3599	158.0
3600	161.0
3601	56.0
3602	46.0
3603	157.0
3604	36.0
3605	22.0
3606	48.0
3607	163.0
3608	49.0
3609	18.0
3610	28.0
3611	41.0
3612	58.0
3613	40.0
3614	38.0
3615	35.0
3616	57.0
3617	42.0
3618	19.0
3619	36.0
3620	28.0
3621	158.0
3622	61.0
3623	39.0
3624	163.0
3625	22.0
3626	45.0
3627	161.0
3628	162.0
3629	41.0
3630	50.0
3631	163.0
3632	62.0
3633	44.0
3634	57.0
3635	51.0
3636	41.0
3637	30.0
3638	43.0
3639	43.0
3640	46.0
3641	60.0
3642	60.0
3643	64.0
3644	54.0
3645	160.0
3646	35.0
3647	162.0
3648	42.0
3649	41.0
3650	60.0
3651	62.0
3652	19.0
3653	33.0
3654	39.0
3655	51.0
3656	39.0
3657	165.0
3658	41.0
3659	28.0
3660	158.0
3661	160.0
3662	164.0
3663	28.0
3664	159.0
3665	158.0
3666	160.0
3667	160.0
3668	40.0
3669	34.0
3670	158.0
3671	40.0
3672	20.0
3673	48.0
3674	161.0
3675	25.0
3676	44.0
3677	158.0
3678	160.0
3679	161.0
3680	41.0
3681	60.0
3682	158.0
3683	39.0
3684	16.0
3685	47.0
3686	46.0
3687	61.0
3688	47.0
3689	20.0
3690	155.0
3691	57.0
3692	36.0
3693	59.0
3694	41.0
3695	21.0
3696	47.0
3697	56.0
3698	30.0
3699	17.0
3700	44.0
3701	34.0
3702	36.0
3703	58.0
3704	163.0
3705	43.0
3706	25.0
3707	165.0
3708	28.0
3709	41.0
3710	49.0
3711	62.0
3712	35.0
3713	48.0
3714	162.0
3715	160.0
3716	42.0
3717	38.0
3718	58.0
3719	57.0
3720	161.0
3721	158.0
3722	29.0
3723	154.0
3724	35.0
3725	58.0
3726	58.0
3727	157.0
3728	61.0
3729	162.0
3730	31.0
3731	37.0
3732	53.0
3733	162.0
3734	17.0
3735	56.0
3736	45.0
3737	62.0
3738	46.0
3739	40.0
3740	156.0
3741	32.0
3742	24.0
3743	41.0
3744	158.0
3745	53.0
3746	49.0
3747	158.0
3748	158.0
3749	62.0
3750	40.0
3751	59.0
3752	32.0
3753	60.0
3754	60.0
3755	165.0
3756	159.0
3757	47.0
3758	25.0
3759	51.0
3760	35.0
3761	161.0
3762	59.0
3763	168.0
3764	162.0
3765	40.0
3766	28.0
3767	164.0
3768	163.0
3769	19.0
3770	31.0
3771	61.0
3772	47.0
3773	55.0
3774	165.0
3775	30.0
3776	28.0
3777	59.0
3778	31.0
3779	25.0
3780	41.0
3781	159.0
3782	163.0
3783	37.0
3784	23.0
3785	161.0
3786	161.0
3787	64.0
3788	29.0
3789	163.0
3790	60.0
3791	52.0
3792	25.0
3793	159.0
3794	46.0
3795	22.0
3796	166.0
3797	54.0
3798	163.0
3799	165.0
3800	58.0
3801	52.0
3802	31.0
3803	37.0
3804	29.0
3805	163.0
3806	25.0
3807	23.0
3808	58.0
3809	22.0
3810	48.0
3811	37.0
3812	37.0
3813	23.0
3814	40.0
3815	54.0
3816	34.0
3817	36.0
3818	42.0
3819	58.0
3820	161.0
3821	163.0
3822	46.0
3823	159.0
3824	28.0
3825	164.0
3826	159.0
3827	44.0
3828	30.0
3829	59.0
3830	33.0
3831	44.0
3832	55.0
3833	47.0
3834	37.0
3835	160.0
3836	47.0
3837	21.0
3838	163.0
3839	20.0
3840	161.0
3841	49.0
3842	164.0
3843	164.0
3844	37.0
3845	55.0
3846	52.0
3847	32.0
3848	62.0
3849	28.0
3850	46.0
3851	20.0
3852	63.0
3853	43.0
3854	23.0
3855	161.0
3856	164.0
3857	60.0
3858	28.0
3859	50.0
3860	33.0
3861	49.0
3862	58.0
3863	164.0
3864	52.0
3865	65.0
3866	28.0
3867	61.0
3868	25.0
3869	165.0
3870	30.0
3871	162.0
3872	64.0
3873	34.0
3874	31.0
3875	161.0
3876	58.0
3877	22.0
3878	47.0
3879	158.0
3880	29.0
3881	39.0
3882	58.0
3883	33.0
3884	52.0
3885	58.0
3886	159.0
3887	34.0
3888	156.0
3889	18.0
3890	38.0
3891	46.0
3892	62.0
3893	36.0
3894	162.0
3895	52.0
3896	35.0
3897	21.0
3898	43.0
3899	160.0
3900	157.0
3901	29.0
3902	61.0
3903	15.0
3904	39.0
3905	50.0
3906	166.0
3907	40.0
3908	29.0
3909	163.0
3910	37.0
3911	53.0
3912	59.0
3913	167.0
3914	61.0
3915	24.0
3916	58.0
3917	61.0
3918	55.0
3919	48.0
3920	51.0
3921	156.0
3922	159.0
3923	164.0
3924	32.0
3925	162.0
3926	159.0
3927	27.0
3928	156.0
3929	154.0
3930	160.0
3931	57.0
3932	37.0
3933	50.0
3934	31.0
3935	43.0
3936	52.0
3937	159.0
3938	60.0
3939	20.0
3940	58.0
3941	158.0
3942	31.0
3943	56.0
3944	29.0
3945	28.0
3946	48.0
3947	44.0
3948	41.0
3949	55.0
3950	21.0
3951	60.0
3952	39.0
3953	159.0
3954	27.0
3955	32.0
3956	44.0
3957	24.0
3958	23.0
3959	58.0
3960	54.0
3961	16.0
3962	56.0
3963	26.0
3964	64.0
3965	161.0
3966	158.0
3967	49.0
3968	22.0
3969	45.0
3970	40.0
3971	23.0
3972	51.0
3973	63.0
3974	49.0
3975	58.0
3976	33.0
3977	56.0
3978	42.0
3979	51.0
3980	20.0
3981	164.0
3982	40.0
3983	34.0
3984	28.0
3985	48.0
3986	31.0
3987	159.0
3988	56.0
3989	16.0
3990	27.0
3991	43.0
3992	48.0
3993	152.0
3994	157.0
3995	27.0
3996	158.0
3997	54.0
3998	56.0
3999	55.0
4000	31.0
4001	32.0
4002	48.0
4003	60.0
4004	159.0
4005	57.0
4006	47.0
4007	18.0
4008	53.0
4009	33.0
4010	160.0
4011	162.0
4012	57.0
4013	59.0
4014	29.0
4015	49.0
4016	167.0
4017	56.0
4018	35.0
4019	164.0
4020	44.0
4021	61.0
4022	29.0
4023	40.0
4024	42.0
4025	160.0
4026	59.0
4027	163.0
4028	54.0
4029	164.0
4030	160.0
4031	32.0
4032	55.0
4033	157.0
4034	36.0
4035	55.0
4036	157.0
4037	44.0
4038	17.0
4039	57.0
4040	41.0
4041	52.0
4042	38.0
4043	22.0
4044	53.0
4045	24.0
4046	55.0
4047	46.0
4048	43.0
4049	21.0
4050	30.0
4051	50.0
4052	159.0
4053	13.0
4054	154.0
4055	56.0
4056	53.0
4057	156.0
4058	42.0
4059	43.0
4060	23.0
4061	15.0
4062	35.0
4063	28.0
4064	33.0
4065	56.0
4066	158.0
4067	41.0
4068	21.0
4069	22.0
4070	52.0
4071	158.0
4072	57.0
4073	47.0
4074	157.0
4075	43.0
4076	56.0
4077	158.0
4078	34.0
4079	36.0
4080	151.0
4081	25.0
4082	57.0
4083	159.0
4084	158.0
4085	50.0
4086	57.0
4087	156.0
4088	49.0
4089	29.0
4090	21.0
4091	154.0
4092	60.0
4093	57.0
4094	48.0
4095	37.0
4096	31.0
4097	31.0
4098	42.0
4099	45.0
4100	156.0
4101	161.0
4102	31.0
4103	159.0
4104	155.0
4105	61.0
4106	160.0
4107	48.0
4108	161.0
4109	162.0
4110	42.0
4111	51.0
4112	57.0
4113	154.0
4114	161.0
4115	43.0
4116	31.0
4117	59.0
4118	162.0
4119	40.0
4120	42.0
4121	59.0
4122	57.0
4123	47.0
4124	159.0
4125	162.0
4126	42.0
4127	57.0
4128	163.0
4129	44.0
4130	51.0
4131	163.0
4132	159.0
4133	49.0
4134	61.0
4135	160.0
4136	30.0
4137	32.0
4138	43.0
4139	50.0
4140	60.0
4141	161.0
4142	161.0
4143	28.0
4144	50.0
4145	34.0
4146	20.0
4147	162.0
4148	22.0
4149	21.0
4150	34.0
4151	56.0
4152	159.0
4153	161.0
4154	55.0
4155	165.0
4156	29.0
4157	160.0
4158	19.0
4159	55.0
4160	22.0
4161	164.0
4162	53.0
4163	32.0
4164	160.0
4165	40.0
4166	32.0
4167	161.0
4168	49.0
4169	40.0
4170	57.0
4171	58.0
4172	44.0
4173	26.0
4174	163.0
4175	25.0
4176	65.0
4177	161.0
4178	36.0
4179	161.0
4180	60.0
4181	34.0
4182	41.0
4183	161.0
4184	26.0
4185	36.0
4186	19.0
4187	58.0
4188	50.0
4189	159.0
4190	52.0
4191	42.0
4192	44.0
4193	157.0
4194	161.0
4195	33.0
4196	162.0
4197	56.0
4198	61.0
4199	39.0
4200	55.0
4201	159.0
4202	40.0
4203	59.0
4204	161.0
4205	63.0
4206	59.0
4207	61.0
4208	157.0
4209	55.0
4210	32.0
4211	29.0
4212	49.0
4213	166.0
4214	158.0
4215	64.0
4216	58.0
4217	41.0
4218	159.0
4219	61.0
4220	34.0
4221	50.0
4222	40.0
4223	38.0
4224	157.0
4225	33.0
4226	50.0
4227	33.0
4228	29.0
4229	158.0
4230	61.0
4231	50.0
4232	22.0
4233	30.0
4234	32.0
4235	29.0
4236	41.0
